501106365034
501106365091
501106365154
501106365224
501106365236
501106365237
501106365246
501106365247
501106365251
501106365252
501106365253
501106365254
501106365261
501106365263
501106365264
501106365265
501106365267
501106365268
501106365276
501106365277
501106365290
501106365291
501106365293
501106365294
501106365295
501106365297
501106365299
501106365301
501106365302
501106365399
501106365404
501106365409
501106365411
501106365421
501106365425
501106365482
501106365583
501106365666
501106365754
501106365962
