500649813003
500649813009
500649813017
500649813018
500649813020
500649813021
500649813053
500649813056
500649813072
500649813112
500649813113
500649813129
500649813131
500649813145
500649813168
500649813174
500649813181
500649813185
500649813206
500649813331
500649813391
500649813395
500649813405
500649813419
500649813444
500649813448
500649813475
500649813571
500649813609
500649813650
500649813655
500649813669
500649813731
500649813830
500649813870
500649813902
500649813920
500649813921
500649813953
500649813959
