500955002010
500955002014
500955002022
500955002025
500955002042
500955002055
500955002057
500955002062
500955002073
500955002084
500955002090
500955002092
500955002101
500955002102
500955002149
500955002179
500955002180
500955002188
500955002194
500955002206
500955002214
500955002223
500955002232
500955002233
500955002237
500955002238
500955002243
500955002246
500955002256
500955002257
500955002259
500955002260
500955002266
500955002268
500955002281
500955002283
500955002291
500955002296
500955002305
500955002310
500955002320
500955002323
500955002331
500955002340
500955002355
500955002363
500955002367
500955002370
500955002374
500955002376
500955002383
500955002384
500955002386
500955002388
500955002389
500955002393
500955002400
500955002407
500955002421
500955002433
500955002435
500955002437
500955002438
500955002457
500955002462
500955002470
500955002479
500955002482
500955002490
500955002504
500955002507
500955002517
500955002526
500955002530
500955002532
500955002545
500955002546
500955002551
500955002560
500955002561
500955002563
500955002576
500955002599
500955002608
500955002618
500955002620
500955002622
500955002626
500955002630
500955002643
500955002645
500955002647
500955002653
500955002669
500955002671
500955002680
500955002701
500955002705
500955002708
500955002716
500955002745
500955002746
500955002748
500955002751
500955002756
500955002757
500955002762
500955002772
500955002775
500955002779
500955002786
500955002791
500955002793
500955002798
500955002806
500955002809
500955002817
500955002842
500955002848
500955002849
500955002867
500955002872
500955002887
500955002893
500955002902
500955002903
500955002919
500955002949
500955002950
500955002956
500955002987
500955002989
500955002997
