500955188005
500955188093
500955188102
500955188116
500955188132
500955188134
500955188142
500955188146
500955188156
500955188160
500955188264
500955188270
500955188278
500955188283
500955188288
500955188300
500955188303
500955188314
500955188319
500955188324
500955188325
500955188331
500955188332
500955188335
500955188337
500955188338
500955188339
500955188349
500955188357
500955188366
500955188374
500955188377
500955188378
500955188380
500955188385
500955188386
500955188406
500955188432
500955188433
500955188435
500955188441
500955188443
500955188444
500955188446
500955188447
500955188454
500955188456
500955188464
500955188467
500955188480
500955188490
500955188499
500955188504
500955188508
500955188528
500955188531
500955188539
500955188541
500955188542
500955188546
500955188548
500955188553
500955188561
500955188574
500955188576
500955188584
500955188585
500955188587
500955188592
500955188599
500955188600
500955188606
500955188607
500955188609
500955188612
500955188614
500955188621
500955188635
500955188637
500955188642
500955188656
500955188657
500955188680
500955188685
500955188698
500955188719
500955188723
500955188732
500955188734
500955188746
500955188747
500955188748
500955188749
500955188750
500955188751
500955188756
500955188757
500955188759
500955188760
500955188767
500955188770
500955188781
500955188787
500955188788
500955188793
500955188801
500955188804
500955188823
500955188825
500955188826
500955188832
500955188840
500955188861
500955188867
500955188870
500955188871
500955188876
500955188881
500955188884
500955188887
500955188889
500955188895
500955188896
500955188897
500955188898
500955188900
500955188901
500955188927
500955188936
500955188944
500955188952
500955188956
