500955208001
500955208006
500955208009
500955208011
500955208045
500955208085
500955208107
500955208109
500955208125
500955208132
500955208140
500955208141
500955208144
500955208148
500955208156
500955208158
500955208160
500955208165
500955208198
500955208202
500955208207
500955208213
500955208218
500955208224
500955208232
500955208244
500955208246
500955208248
500955208275
500955208280
500955208287
500955208308
500955208309
500955208315
500955208316
500955208319
500955208324
500955208326
500955208335
500955208339
500955208345
500955208354
500955208369
500955208371
500955208374
500955208375
500955208385
500955208387
500955208388
500955208390
500955208392
500955208393
500955208408
500955208422
500955208424
500955208427
500955208429
500955208436
500955208447
500955208452
500955208454
500955208460
500955208462
500955208465
500955208466
500955208468
500955208469
500955208472
500955208474
500955208480
500955208481
500955208482
500955208484
500955208487
500955208488
500955208499
500955208504
500955208522
500955208523
500955208533
500955208556
500955208573
500955208576
500955208578
500955208584
500955208612
500955208620
500955208631
500955208633
500955208640
500955208645
500955208666
500955208676
500955208678
500955208683
500955208693
500955208709
500955208712
500955208717
500955208729
500955208745
500955208758
500955208761
500955208762
500955208768
500955208776
500955208781
500955208783
500955208792
500955208809
500955208810
500955208811
500955208813
500955208817
500955208824
500955208840
500955208869
500955208883
500955208889
500955208891
500955208895
500955208909
500955208916
500955208919
500955208932
500955208935
500955208939
500955208941
500955208946
500955208948
500955208956
500955208957
500955208973
500955208979
500955208982
500955208992
