500955247038
500955247042
500955247054
500955247072
500955247075
500955247082
500955247091
500955247093
500955247103
500955247112
500955247124
500955247127
500955247128
500955247145
500955247147
500955247163
500955247165
500955247168
500955247202
500955247207
500955247208
500955247219
500955247222
500955247226
500955247236
500955247240
500955247247
500955247249
500955247250
500955247254
500955247255
500955247257
500955247275
500955247277
500955247279
500955247281
500955247288
500955247293
500955247297
500955247299
500955247301
500955247308
500955247361
500955247371
500955247373
500955247385
500955247388
500955247400
500955247407
500955247409
500955247411
500955247412
500955247418
500955247422
500955247432
500955247436
500955247453
500955247474
500955247478
500955247480
500955247482
500955247484
500955247485
500955247488
500955247489
500955247493
500955247503
500955247506
500955247508
500955247511
500955247527
500955247529
500955247532
500955247535
500955247551
500955247561
500955247575
500955247589
500955247592
500955247595
500955247601
500955247604
500955247609
500955247611
500955247613
500955247615
500955247618
500955247665
500955247689
500955247712
500955247713
500955247715
500955247719
500955247720
500955247726
500955247754
500955247756
500955247761
500955247763
500955247769
500955247781
500955247782
500955247787
500955247793
500955247794
500955247812
500955247834
500955247843
500955247848
500955247854
500955247863
500955247868
500955247878
500955247890
500955247898
500955247899
500955247901
500955247903
500955247910
500955247912
500955247918
500955247921
500955247923
500955247925
500955247944
500955247945
500955247948
500955247949
500955247953
500955247955
500955247964
500955247969
500955247971
500955247974
500955247977
500955247980
500955247993
500955247996
500955247998
500955247999
