500955301006
500955301012
500955301028
500955301035
500955301041
500955301055
500955301057
500955301059
500955301062
500955301063
500955301074
500955301084
500955301104
500955301111
500955301115
500955301116
500955301119
500955301120
500955301122
500955301125
500955301136
500955301138
500955301140
500955301141
500955301169
500955301175
500955301182
500955301188
500955301199
500955301226
500955301227
500955301232
500955301240
500955301265
500955301270
500955301278
500955301280
500955301281
500955301286
500955301290
500955301297
500955301302
500955301306
500955301311
500955301318
500955301319
500955301320
500955301321
500955301325
500955301334
500955301341
500955301376
500955301378
500955301414
500955301417
500955301431
500955301437
500955301440
500955301445
500955301448
500955301451
500955301453
500955301456
500955301458
500955301459
500955301464
500955301469
500955301475
500955301478
500955301482
500955301491
500955301494
500955301497
500955301498
500955301505
500955301518
500955301521
500955301524
500955301525
500955301529
500955301545
500955301547
500955301549
500955301560
500955301563
500955301573
500955301579
500955301582
500955301587
500955301588
500955301591
500955301594
500955301596
500955301599
500955301602
500955301603
500955301606
500955301608
500955301619
500955301620
500955301623
500955301664
500955301691
500955301709
500955301714
500955301731
500955301733
500955301761
500955301763
500955301807
500955301849
500955301874
500955301884
500955301890
500955301896
500955301900
500955301910
500955301915
500955301917
500955301919
500955301922
500955301930
500955301931
500955301950
500955301953
500955301954
500955301972
500955301989
500955301998
