500955368011
500955368012
500955368060
500955368085
500955368088
500955368099
500955368101
500955368103
500955368110
500955368118
500955368138
500955368149
500955368170
500955368185
500955368186
500955368189
500955368194
500955368214
500955368216
500955368224
500955368238
500955368258
500955368269
500955368272
500955368290
500955368302
500955368312
500955368328
500955368335
500955368347
500955368348
500955368350
500955368356
500955368370
500955368385
500955368395
500955368403
500955368421
500955368422
500955368425
500955368427
500955368434
500955368445
500955368447
500955368450
500955368475
500955368480
500955368486
500955368492
500955368493
500955368502
500955368525
500955368543
500955368552
500955368554
500955368559
500955368585
500955368594
500955368623
500955368635
500955368637
500955368640
500955368647
500955368652
500955368654
500955368656
500955368658
500955368660
500955368668
500955368689
500955368695
500955368697
500955368714
500955368717
500955368730
500955368748
500955368753
500955368759
500955368762
500955368765
500955368774
500955368776
500955368794
500955368809
500955368825
500955368871
500955368889
500955368899
500955368904
500955368908
500955368914
500955368922
500955368935
500955368972
500955368985
500955368994
