500955635007
500955635008
500955635011
500955635017
500955635030
500955635031
500955635039
500955635042
500955635044
500955635049
500955635055
500955635056
500955635065
500955635066
500955635067
500955635069
500955635080
500955635084
500955635086
500955635087
500955635093
500955635097
500955635108
500955635120
500955635182
500955635209
500955635230
500955635233
500955635234
500955635236
500955635242
500955635244
500955635246
500955635249
500955635251
500955635260
500955635264
500955635271
500955635274
500955635276
500955635279
500955635283
500955635289
500955635292
500955635295
500955635298
500955635304
500955635306
500955635313
500955635317
500955635331
500955635340
500955635351
500955635355
500955635360
500955635363
500955635364
500955635365
500955635367
500955635370
500955635377
500955635380
500955635390
500955635392
500955635397
500955635399
500955635404
500955635429
500955635430
500955635436
500955635443
500955635445
500955635451
500955635461
500955635473
500955635490
500955635491
500955635495
500955635499
500955635501
500955635504
500955635510
500955635516
500955635517
500955635525
500955635532
500955635540
500955635542
500955635545
500955635551
500955635555
500955635557
500955635565
500955635570
500955635573
500955635587
500955635593
500955635594
500955635597
500955635613
500955635615
500955635628
500955635631
500955635633
500955635638
500955635654
500955635657
500955635663
500955635671
500955635673
500955635677
500955635681
500955635684
500955635687
500955635703
500955635708
500955635711
500955635715
500955635720
500955635729
500955635733
500955635735
500955635738
500955635742
500955635773
500955635776
500955635778
500955635781
500955635786
500955635789
500955635792
500955635805
500955635808
500955635817
500955635825
500955635838
500955635848
500955635852
500955635856
500955635858
500955635859
500955635860
500955635872
500955635873
500955635884
500955635893
500955635895
500955635899
500955635903
500955635907
500955635913
500955635925
500955635934
500955635937
500955635945
500955635948
500955635950
500955635951
500955635954
500955635965
500955635968
500955635970
500955635972
500955635999
