500955643017
500955643020
500955643025
500955643031
500955643046
500955643052
500955643055
500955643059
500955643062
500955643064
500955643075
500955643079
500955643093
500955643099
500955643101
500955643115
500955643119
500955643130
500955643136
500955643146
500955643149
500955643151
500955643156
500955643179
500955643180
500955643187
500955643191
500955643195
500955643197
500955643204
500955643206
500955643210
500955643219
500955643226
500955643229
500955643233
500955643241
500955643243
500955643245
500955643254
500955643260
500955643274
500955643294
500955643313
500955643351
500955643354
500955643356
500955643358
500955643361
500955643370
500955643381
500955643383
500955643386
500955643390
500955643398
500955643403
500955643424
500955643444
500955643460
500955643476
500955643478
500955643481
500955643483
500955643487
500955643488
500955643490
500955643491
500955643509
500955643511
500955643518
500955643519
500955643526
500955643528
500955643533
500955643548
500955643552
500955643559
500955643560
500955643576
500955643577
500955643581
500955643582
500955643585
500955643593
500955643608
500955643615
500955643622
500955643624
500955643644
500955643660
500955643679
500955643690
500955643694
500955643696
500955643698
500955643734
500955643736
500955643737
500955643762
500955643765
500955643780
500955643785
500955643808
500955643827
500955643838
500955643887
500955643888
500955643893
500955643896
500955643898
500955643900
500955643902
500955643905
500955643910
500955643928
500955643934
500955643935
500955643940
500955643951
500955643960
500955643964
500955643971
500955643973
500955643985
