500955919023
500955919026
500955919030
500955919042
500955919053
500955919094
500955919096
500955919112
500955919115
500955919121
500955919133
500955919212
500955919213
500955919219
500955919221
500955919230
500955919247
500955919251
500955919253
500955919255
500955919256
500955919257
500955919258
500955919260
500955919263
500955919264
500955919265
500955919267
500955919272
500955919276
500955919283
500955919285
500955919289
500955919296
500955919311
500955919327
500955919368
500955919369
500955919381
500955919383
500955919396
500955919401
500955919405
500955919410
500955919412
500955919415
500955919418
500955919424
500955919431
500955919439
500955919453
500955919470
500955919471
500955919480
500955919482
500955919496
500955919506
500955919507
500955919512
500955919519
500955919526
500955919527
500955919530
500955919536
500955919573
500955919575
500955919577
500955919602
500955919605
500955919608
500955919629
500955919632
500955919634
500955919642
500955919647
500955919653
500955919665
500955919666
500955919669
500955919671
500955919674
500955919699
500955919708
500955919712
500955919714
500955919730
500955919739
500955919740
500955919742
500955919753
500955919756
500955919786
500955919787
500955919789
500955919803
500955919824
500955919859
500955919860
500955919862
500955919863
500955919865
500955919866
500955919868
500955919872
500955919873
500955919874
500955919877
500955919879
500955919880
500955919883
500955919890
500955919893
500955919895
500955919896
500955919898
500955919912
500955919913
500955919918
500955919924
500955919927
500955919935
500955919940
500955919943
500955919944
500955919947
500955919949
500955919957
500955919959
500955919961
500955919963
500955919966
500955919970
500955919980
500955919986
500955919989
500955919991
500955919994
