500938271005
500938271006
500938271008
500938271011
500938271015
500938271016
500938271018
500938271021
500938271027
500938271028
500938271033
500938271036
500938271041
500938271057
500938271070
500938271090
500938271094
500938271096
500938271097
500938271110
500938271216
500938271218
500938271221
500938271224
500938271225
500938271241
500938271242
500938271249
500938271256
500938271267
500938271270
500938271274
500938271278
500938271286
500938271288
500938271289
500938271301
500938271304
500938271306
500938271314
500938271321
500938271328
500938271335
500938271341
500938271343
500938271351
500938271361
500938271378
500938271384
500938271386
500938271401
500938271403
500938271415
500938271420
500938271422
500938271431
500938271450
500938271471
500938271475
500938271477
500938271478
500938271489
500938271491
500938271496
500938271500
500938271510
500938271511
500938271519
500938271522
500938271524
500938271526
500938271528
500938271537
500938271538
500938271546
500938271555
500938271560
500938271562
500938271567
500938271571
500938271586
500938271588
500938271596
500938271609
500938271620
500938271623
500938271628
500938271650
500938271666
500938271677
500938271721
500938271727
500938271729
500938271748
500938271761
500938271763
500938271769
500938271771
500938271773
500938271779
500938271784
500938271791
500938271809
500938271811
500938271812
500938271821
500938271825
500938271828
500938271837
500938271840
500938271842
500938271846
500938271854
500938271867
500938271875
500938271884
500938271885
500938271903
500938271910
500938271916
500938271930
500938271951
500938271963
500938271969
500938271972
500938271977
500938271982
500938271996
500938271998
