500938451011
500938451012
500938451023
500938451030
500938451037
500938451039
500938451040
500938451047
500938451056
500938451062
500938451071
500938451080
500938451092
500938451095
500938451101
500938451104
500938451119
500938451124
500938451146
500938451147
500938451153
500938451160
500938451162
500938451163
500938451174
500938451189
500938451198
500938451202
500938451204
500938451220
500938451231
500938451249
500938451257
500938451258
500938451263
500938451264
500938451268
500938451271
500938451278
500938451280
500938451380
500938451381
500938451386
500938451423
500938451425
500938451432
500938451436
500938451437
500938451438
500938451439
500938451450
500938451456
500938451458
500938451470
500938451476
500938451478
500938451480
500938451481
500938451506
500938451523
500938451524
500938451582
500938451583
500938451585
500938451588
500938451590
500938451629
500938451633
500938451635
500938451639
500938451641
500938451646
500938451656
500938451689
500938451690
500938451692
500938451718
500938451720
500938451747
500938451749
500938451751
500938451753
500938451756
500938451758
500938451760
500938451763
500938451766
500938451770
500938451774
500938451785
500938451791
500938451798
500938451802
500938451808
500938451811
500938451816
