500938772002
500938772030
500938772040
500938772050
500938772072
500938772076
500938772099
500938772102
500938772103
500938772112
500938772113
500938772114
500938772126
500938772127
500938772139
500938772149
500938772151
500938772153
500938772155
500938772158
500938772163
500938772180
500938772181
500938772186
500938772188
500938772198
500938772216
500938772218
500938772220
500938772221
500938772223
500938772226
500938772237
500938772238
500938772242
500938772273
500938772285
500938772289
500938772291
500938772296
500938772297
500938772309
500938772321
500938772327
500938772334
500938772336
500938772340
500938772347
500938772360
500938772368
500938772374
500938772380
500938772382
500938772393
500938772395
500938772414
500938772421
500938772424
500938772433
500938772434
500938772437
500938772447
500938772448
500938772482
500938772487
500938772497
500938772501
500938772503
500938772506
500938772517
500938772540
500938772548
500938772553
500938772557
500938772558
500938772559
500938772562
500938772563
500938772565
500938772568
500938772571
500938772582
500938772585
500938772591
500938772595
500938772596
500938772605
500938772616
500938772619
500938772639
500938772647
500938772649
500938772669
500938772676
500938772696
500938772735
500938772739
500938772757
500938772759
500938772770
500938772790
500938772794
500938772803
500938772805
500938772815
500938772836
500938772838
500938772849
500938772859
500938772864
500938772866
500938772868
500938772870
500938772871
500938772877
500938772881
500938772890
500938772902
500938772904
500938772907
500938772915
500938772925
500938772928
500938772942
500938772954
500938772971
500938772975
500938772992
500938772995
500938772997
