500615931067
500615931072
500615931077
500615931079
500615931180
500615931190
500615931211
500615931215
500615931223
500615931232
500615931262
500615931270
500615931276
500615931287
500615931313
500615931346
500615931358
500615931416
500615931463
500615931483
500615931512
500615931572
500615931610
500615931622
500615931649
500615931658
500615931663
500615931683
500615931690
500615931742
500615931750
500615931791
500615931799
500615931815
500615931821
500615931836
500615931849
500615931869
500615931871
500615931918
