500502982039
500502982175
500502982282
500502982429
500502982522
500502982564
500502982616
500502982620
500502982653
500502982656
500502982664
500502982696
500502982709
500502982717
500502982746
500502982787
500502982852
500502982859
500502982868
500502982872
500502982881
500502982890
500502982894
500502982906
500502982908
500502982915
500502982918
500502982921
500502982924
500502982927
500502982937
500502982944
500502982946
500502982948
500502982952
500502982954
500502982957
500502982961
500502982963
500502982970
