500943047004
500943047027
500943047050
500943047056
500943047076
500943047085
500943047156
500943047162
500943047216
500943047240
500943047242
500943047251
500943047261
500943047310
500943047330
500943047332
500943047340
500943047346
500943047352
500943047375
500943047388
500943047389
500943047411
500943047447
500943047451
500943047482
500943047484
500943047485
500943047529
500943047587
500943047605
500943047662
500943047684
500943047694
500943047741
500943047746
500943047764
500943047771
500943047788
500943047799
500943047805
500943047813
500943047815
500943047817
500943047818
