500982119006
500982119009
500982119010
500982119013
500982119017
500982119024
500982119029
500982119032
500982119034
500982119040
500982119045
500982119059
500982119062
500982119068
500982119071
500982119073
500982119083
500982119084
500982119097
500982119102
500982119107
500982119157
500982119159
500982119175
500982119177
500982119178
500982119204
500982119205
500982119213
500982119306
500982119341
500982119360
500982119362
500982119368
500982119380
500982119384
500982119408
500982119429
500982119430
500982119435
500982119438
500982119453
500982119460
500982119468
500982119475
500982119477
500982119483
500982119488
500982119512
500982119520
500982119524
500982119528
500982119540
500982119549
500982119559
500982119568
500982119576
500982119582
500982119584
500982119595
500982119601
500982119606
500982119610
500982119612
500982119617
500982119619
500982119632
500982119706
500982119708
500982119715
500982119719
500982119731
500982119735
500982119755
500982119770
500982119774
500982119781
500982119800
500982119870
500982119913
500982119955
500982119958
500982119964
500982119966
500982119967
500982119973
500982119976
500982119978
500982119981
500982119982
