500982459007
500982459009
500982459016
500982459023
500982459029
500982459033
500982459036
500982459040
500982459042
500982459044
500982459046
500982459048
500982459052
500982459057
500982459069
500982459071
500982459077
500982459082
500982459094
500982459099
500982459145
500982459149
500982459150
500982459152
500982459154
500982459161
500982459162
500982459188
500982459193
500982459194
500982459207
500982459243
500982459245
500982459257
500982459259
500982459324
500982459325
500982459327
500982459331
500982459352
500982459353
500982459356
500982459361
500982459389
500982459404
500982459407
500982459423
500982459426
500982459430
500982459438
500982459439
500982459441
500982459442
500982459451
500982459452
500982459453
500982459459
500982459462
500982459464
500982459467
500982459469
500982459479
500982459496
500982459502
500982459516
500982459517
500982459549
500982459552
500982459595
500982459606
500982459608
500982459610
500982459620
500982459624
500982459626
500982459629
500982459631
500982459632
500982459639
500982459647
500982459668
500982459671
500982459674
500982459676
500982459679
500982459681
500982459685
500982459687
500982459689
500982459692
500982459693
500982459696
500982459708
500982459710
500982459733
500982459734
500982459743
500982459754
500982459758
500982459765
500982459766
500982459770
500982459773
500982459778
500982459796
500982459798
500982459837
500982459842
500982459854
500982459858
500982459861
500982459862
500982459865
500982459869
500982459871
500982459875
500982459876
500982459879
500982459881
500982459883
500982459886
500982459887
500982459891
500982459893
500982459896
500982459898
500982459900
500982459902
500982459905
500982459908
500982459910
500982459963
500982459964
500982459967
500982459971
500982459985
