500982520002
500982520005
500982520034
500982520053
500982520092
500982520094
500982520099
500982520103
500982520106
500982520112
500982520128
500982520134
500982520146
500982520151
500982520174
500982520188
500982520211
500982520215
500982520216
500982520217
500982520223
500982520226
500982520233
500982520260
500982520262
500982520263
500982520283
500982520293
500982520298
500982520300
500982520307
500982520312
500982520314
500982520317
500982520330
500982520357
500982520362
500982520370
500982520396
500982520402
500982520432
500982520434
500982520485
500982520503
500982520505
500982520514
500982520521
500982520525
500982520532
500982520539
500982520546
500982520563
500982520579
500982520586
500982520599
500982520606
500982520647
500982520649
500982520653
500982520658
500982520684
500982520695
500982520696
500982520697
500982520703
500982520721
500982520725
500982520726
500982520746
500982520764
500982520767
500982520781
500982520787
500982520790
500982520798
500982520800
500982520803
500982520805
500982520810
500982520819
500982520830
500982520842
500982520848
500982520854
500982520889
500982520892
500982520894
500982520898
500982520906
500982520919
500982520921
500982520926
500982520930
500982520933
500982520951
500982520957
500982520958
500982520960
500982520975
500982520976
500982520978
500982520980
500982520984
500982520991
