500982604002
500982604011
500982604022
500982604024
500982604026
500982604038
500982604040
500982604041
500982604051
500982604059
500982604066
500982604069
500982604072
500982604092
500982604105
500982604108
500982604113
500982604122
500982604126
500982604132
500982604134
500982604138
500982604140
500982604147
500982604153
500982604155
500982604157
500982604177
500982604182
500982604192
500982604196
500982604212
500982604226
500982604266
500982604288
500982604298
500982604300
500982604301
500982604302
500982604307
500982604308
500982604312
500982604316
500982604327
500982604329
500982604332
500982604335
500982604340
500982604344
500982604368
500982604372
500982604377
500982604382
500982604393
500982604417
500982604435
500982604437
500982604438
500982604452
500982604458
500982604472
500982604475
500982604477
500982604479
500982604481
500982604520
500982604534
500982604541
500982604543
500982604547
500982604548
500982604559
500982604565
500982604567
500982604582
500982604586
500982604587
500982604598
500982604605
500982604608
500982604610
500982604628
500982604629
500982604632
500982604633
500982604642
500982604643
500982604649
500982604652
500982604664
500982604677
500982604697
500982604698
500982604700
500982604706
500982604710
500982604711
500982604732
500982604739
500982604742
500982604748
500982604756
500982604774
500982604783
500982604790
500982604801
500982604819
500982604820
500982604827
500982604832
500982604843
500982604856
500982604858
500982604893
500982604901
500982604912
500982604927
500982604928
500982604963
500982604966
500982604978
