500982705033
500982705035
500982705040
500982705041
500982705051
500982705054
500982705058
500982705068
500982705074
500982705080
500982705082
500982705094
500982705096
500982705099
500982705122
500982705124
500982705127
500982705137
500982705142
500982705144
500982705177
500982705182
500982705187
500982705190
500982705195
500982705196
500982705204
500982705232
500982705235
500982705239
500982705273
500982705281
500982705283
500982705293
500982705297
500982705325
500982705326
500982705327
500982705329
500982705331
500982705342
500982705351
500982705360
500982705361
500982705387
500982705395
500982705398
500982705405
500982705410
500982705419
500982705428
500982705430
500982705433
500982705434
500982705464
500982705466
500982705482
500982705490
500982705569
500982705582
500982705603
500982705604
500982705610
500982705612
500982705648
500982705650
500982705712
500982705731
500982705732
500982705740
500982705753
500982705755
500982705768
500982705773
500982705788
500982705815
500982705824
500982705838
500982705846
500982705876
500982705896
500982705914
500982705930
500982705936
500982705954
500982705958
500982705961
500982705965
500982705973
500982705978
500982705980
500982705986
500982705991
