500982967039
500982967056
500982967060
500982967073
500982967077
500982967084
500982967087
500982967097
500982967098
500982967106
500982967107
500982967146
500982967147
500982967165
500982967175
500982967180
500982967182
500982967184
500982967195
500982967199
500982967203
500982967207
500982967245
500982967267
500982967270
500982967271
500982967283
500982967293
500982967296
500982967302
500982967330
500982967338
500982967340
500982967342
500982967344
500982967349
500982967365
500982967385
500982967387
500982967392
500982967396
500982967419
500982967436
500982967448
500982967451
500982967459
500982967465
500982967470
500982967497
500982967505
500982967525
500982967530
500982967537
500982967541
500982967556
500982967557
500982967560
500982967562
500982967578
500982967579
500982967580
500982967588
500982967590
500982967596
500982967603
500982967604
500982967618
500982967619
500982967622
500982967631
500982967638
500982967640
500982967643
500982967645
500982967648
500982967651
500982967653
500982967656
500982967659
500982967663
500982967666
500982967668
500982967677
500982967679
500982967682
500982967686
500982967757
500982967788
500982967791
500982967794
500982967796
500982967798
500982967816
500982967818
500982967827
500982967831
500982967833
500982967853
500982967872
500982967876
500982967892
500982967894
500982967896
500982967899
500982967933
500982967946
500982967952
500982967968
500982967972
500982967974
500982967982
500982967988
