500690580061
500690580138
500690580165
500690580202
500690580350
500690580355
500690580376
500690580385
500690580432
500690580443
500690580454
500690580455
500690580456
500690580461
500690580466
500690580473
500690580539
500690580564
500690580568
500690580570
500690580586
500690580596
500690580616
500690580628
500690580635
500690580646
500690580650
500690580652
500690580655
500690580663
500690580700
500690580728
500690580734
500690580842
500690580852
500690580911
500690580914
500690580948
500690580969
500690580979
