501027087034
501027087057
501027087073
501027087222
501027087226
501027087257
501027087259
501027087267
501027087290
501027087304
501027087324
501027087329
501027087340
501027087343
501027087359
501027087360
501027087388
501027087415
501027087433
501027087441
501027087474
501027087477
501027087502
501027087514
501027087641
501027087736
501027087760
501027087766
501027087794
501027087820
501027087829
501027087846
501027087861
501027087863
501027087869
501027087873
501027087884
501027087888
501027087900
501027087919
501027087926
501027087943
501027087950
501027087966
501027087969
