501027226020
501027226028
501027226031
501027226045
501027226062
501027226082
501027226086
501027226094
501027226109
501027226144
501027226147
501027226149
501027226190
501027226193
501027226201
501027226203
501027226205
501027226207
501027226212
501027226231
501027226263
501027226314
501027226335
501027226342
501027226343
501027226347
501027226367
501027226410
501027226416
501027226446
501027226447
501027226461
501027226500
501027226522
501027226524
501027226526
501027226527
501027226528
501027226529
501027226544
501027226553
501027226569
501027226597
501027226604
501027226631
501027226647
501027226650
501027226655
501027226673
501027226710
501027226733
501027226748
501027226782
501027226798
501027226826
501027226835
501027226852
501027226862
501027226888
501027226902
501027226915
501027226935
501027226956
501027226958
501027226980
