501027314001
501027314041
501027314047
501027314058
501027314080
501027314083
501027314084
501027314114
501027314124
501027314143
501027314145
501027314179
501027314197
501027314198
501027314241
501027314254
501027314330
501027314332
501027314337
501027314345
501027314351
501027314372
501027314379
501027314388
501027314395
501027314415
501027314437
501027314447
501027314452
501027314460
501027314462
501027314466
501027314532
501027314534
501027314540
501027314546
501027314548
501027314559
501027314569
501027314572
501027314590
501027314630
501027314633
501027314644
501027314693
501027314697
501027314732
501027314736
501027314757
501027314770
501027314771
501027314863
501027314878
501027314894
501027314979
