501027324042
501027324053
501027324056
501027324058
501027324059
501027324060
501027324071
501027324073
501027324083
501027324128
501027324176
501027324191
501027324212
501027324213
501027324270
501027324273
501027324275
501027324343
501027324362
501027324407
501027324423
501027324470
501027324495
501027324509
501027324521
501027324523
501027324524
501027324526
501027324552
501027324555
501027324564
501027324640
501027324649
501027324650
501027324667
501027324670
501027324689
501027324712
501027324751
501027324773
501027324794
501027324818
501027324830
501027324845
501027324875
501027324879
501027324909
501027324955
501027324958
501027324966
501027324969
501027324982
501027324991
