501027367042
501027367084
501027367086
501027367088
501027367119
501027367153
501027367162
501027367218
501027367251
501027367252
501027367418
501027367419
501027367422
501027367424
501027367427
501027367429
501027367431
501027367451
501027367456
501027367457
501027367458
501027367459
501027367460
501027367461
501027367464
501027367466
501027367468
501027367503
501027367538
501027367541
501027367566
501027367661
501027367673
501027367742
501027367763
501027367768
501027367791
501027367843
501027367890
501027367924
501027367952
