501027497005
501027497013
501027497023
501027497035
501027497094
501027497105
501027497111
501027497168
501027497202
501027497216
501027497220
501027497269
501027497292
501027497297
501027497322
501027497340
501027497353
501027497397
501027497400
501027497433
501027497442
501027497487
501027497502
501027497530
501027497616
501027497748
501027497752
501027497811
501027497832
501027497843
501027497858
501027497868
501027497873
501027497887
501027497910
501027497918
501027497923
501027497937
501027497953
501027497974
501027497986
501027497990
501027497993
