501027798022
501027798043
501027798053
501027798080
501027798082
501027798083
501027798088
501027798094
501027798098
501027798103
501027798105
501027798111
501027798112
501027798131
501027798146
501027798148
501027798194
501027798241
501027798244
501027798253
501027798259
501027798271
501027798283
501027798293
501027798299
501027798314
501027798322
501027798326
501027798365
501027798380
501027798383
501027798420
501027798426
501027798444
501027798461
501027798483
501027798489
501027798594
501027798608
501027798609
501027798648
501027798721
501027798763
501027798771
501027798776
501027798778
501027798781
501027798783
501027798785
501027798786
501027798789
501027798790
501027798803
501027798806
501027798807
501027798809
501027798849
501027798876
501027798902
501027798909
