501027895069
501027895118
501027895125
501027895144
501027895159
501027895188
501027895202
501027895204
501027895205
501027895210
501027895237
501027895249
501027895255
501027895260
501027895265
501027895275
501027895311
501027895332
501027895339
501027895370
501027895379
501027895397
501027895418
501027895554
501027895565
501027895634
501027895636
501027895695
501027895711
501027895713
501027895721
501027895728
501027895731
501027895734
501027895736
501027895739
501027895741
501027895745
501027895749
501027895762
501027895770
501027895776
501027895842
501027895909
501027895913
501027895939
501027895952
501027895960
501027895978
