501027992011
501027992018
501027992032
501027992040
501027992044
501027992076
501027992094
501027992097
501027992116
501027992123
501027992131
501027992171
501027992172
501027992175
501027992206
501027992207
501027992243
501027992262
501027992281
501027992299
501027992300
501027992351
501027992356
501027992358
501027992434
501027992443
501027992447
501027992449
501027992461
501027992484
501027992506
501027992515
501027992522
501027992523
501027992633
501027992641
501027992644
501027992651
501027992668
501027992682
501027992683
501027992692
501027992709
501027992716
501027992718
501027992733
501027992751
501027992844
501027992851
501027992856
501027992888
501027992892
501027992931
501027992952
501027992977
501027992989
