500909586000
500909586001
500909586019
500909586023
500909586036
500909586037
500909586039
500909586060
500909586064
500909586099
500909586140
500909586153
500909586176
500909586179
500909586198
500909586209
500909586218
500909586221
500909586259
500909586269
500909586293
500909586334
500909586375
500909586391
500909586455
500909586462
500909586484
500909586564
500909586608
500909586632
500909586645
500909586664
500909586693
500909586707
500909586712
500909586736
500909586771
500909586794
500909586799
