500909796017
500909796053
500909796070
500909796077
500909796078
500909796087
500909796129
500909796161
500909796173
500909796180
500909796186
500909796202
500909796227
500909796232
500909796272
500909796279
500909796301
500909796350
500909796402
500909796422
500909796450
500909796467
500909796527
500909796539
500909796569
500909796604
500909796627
500909796630
500909796635
500909796637
500909796641
500909796664
500909796667
500909796710
500909796713
500909796714
500909796729
500909796799
500909796854
500909796880
500909796905
500909796907
500909796944
500909796946
500909796977
500909796988
500909796996
