500940075050
500940075066
500940075069
500940075072
500940075081
500940075091
500940075096
500940075107
500940075115
500940075135
500940075139
500940075143
500940075151
500940075155
500940075161
500940075164
500940075179
500940075191
500940075192
500940075202
500940075212
500940075237
500940075244
500940075259
500940075265
500940075273
500940075281
500940075290
500940075301
500940075306
500940075312
500940075316
500940075831
500940075838
500940075843
500940075844
500940075851
500940075854
500940075892
500940075893
500940075895
500940075896
500940075908
500940075911
500940075929
500940075936
500940075942
500940075993
