500940129042
500940129044
500940129050
500940129057
500940129061
500940129062
500940129068
500940129079
500940129095
500940129097
500940129099
500940129100
500940129108
500940129110
500940129111
500940129124
500940129126
500940129130
500940129135
500940129154
500940129156
500940129157
500940129171
500940129176
500940129177
500940129186
500940129191
500940129198
500940129213
500940129214
500940129217
500940129230
500940129234
500940129238
500940129244
500940129259
500940129262
500940129263
500940129267
500940129274
500940129342
500940129370
500940129373
500940129383
500940129387
500940129388
500940129390
500940129395
500940129404
500940129406
500940129423
500940129424
500940129428
500940129439
500940129445
500940129452
500940129459
500940129466
500940129482
500940129484
500940129489
500940129492
500940129496
500940129497
500940129498
500940129501
500940129524
500940129528
500940129534
500940129546
500940129548
500940129568
500940129571
500940129579
500940129600
500940129608
500940129611
500940129624
500940129636
500940129641
500940129643
500940129644
500940129645
500940129648
500940129656
500940129660
500940129673
500940129687
500940129690
500940129709
500940129713
500940129718
500940129719
500940129724
500940129726
500940129745
500940129749
500940129750
500940129751
500940129752
500940129754
500940129758
500940129767
500940129790
500940129796
500940129814
500940129815
500940129816
500940129818
500940129825
500940129832
500940129836
500940129843
500940129847
500940129849
500940129850
500940129856
500940129858
500940129881
500940129884
500940129898
500940129901
500940129902
500940129903
500940129909
500940129929
500940129932
500940129940
500940129947
500940129954
500940129963
500940129964
500940129966
500940129969
500940129974
500940129979
500940129981
500940129984
500940129985
500940129987
500940129988
500940129993
500940129999
