500940156005
500940156007
500940156028
500940156034
500940156037
500940156038
500940156039
500940156042
500940156050
500940156060
500940156064
500940156078
500940156080
500940156095
500940156097
500940156103
500940156104
500940156119
500940156123
500940156126
500940156132
500940156143
500940156145
500940156149
500940156157
500940156190
500940156194
500940156195
500940156206
500940156207
500940156213
500940156216
500940156220
500940156228
500940156234
500940156235
500940156252
500940156258
500940156260
500940156278
500940156282
500940156283
500940156285
500940156287
500940156307
500940156315
500940156316
500940156331
500940156333
500940156335
500940156337
500940156366
500940156369
500940156381
500940156390
500940156402
500940156410
500940156425
500940156433
500940156464
500940156469
500940156474
500940156487
500940156503
500940156504
500940156512
500940156517
500940156519
500940156523
500940156527
500940156536
500940156540
500940156542
500940156545
500940156549
500940156554
500940156563
500940156564
500940156582
500940156593
500940156599
500940156604
500940156611
500940156614
500940156636
500940156638
500940156639
500940156641
500940156643
500940156644
500940156645
500940156647
500940156666
500940156679
500940156683
500940156695
500940156697
500940156703
500940156718
500940156732
500940156762
500940156764
500940156771
500940156781
500940156786
500940156802
500940156812
500940156814
