500940207005
500940207014
500940207017
500940207018
500940207025
500940207027
500940207037
500940207042
500940207043
500940207073
500940207087
500940207094
500940207098
500940207104
500940207105
500940207106
500940207109
500940207112
500940207114
500940207116
500940207122
500940207127
500940207128
500940207134
500940207145
500940207148
500940207152
500940207162
500940207170
500940207174
500940207179
500940207189
500940207191
500940207194
500940207195
500940207196
500940207200
500940207215
500940207227
500940207229
500940207231
500940207235
500940207254
500940207271
500940207286
500940207288
500940207295
500940207303
500940207317
500940207319
500940207327
500940207328
500940207331
500940207337
500940207341
500940207348
500940207357
500940207360
500940207365
500940207366
500940207370
500940207376
500940207380
500940207388
500940207407
500940207408
500940207421
500940207423
500940207472
500940207478
500940207484
500940207489
500940207492
500940207497
500940207507
500940207514
500940207519
500940207522
500940207524
500940207531
500940207535
500940207536
500940207542
500940207556
500940207563
500940207567
500940207570
500940207585
500940207589
500940207601
500940207606
500940207612
500940207627
500940207629
500940207635
500940207640
500940207645
500940207648
500940207654
500940207669
500940207671
500940207679
500940207681
500940207690
500940207693
500940207704
500940207707
500940207710
500940207714
500940207716
500940207723
500940207749
500940207753
500940207755
500940207756
500940207759
500940207764
500940207771
500940207778
500940207784
500940207787
500940207789
500940207791
500940207795
500940207820
500940207831
500940207832
500940207843
500940207850
500940207853
500940207855
500940207857
500940207865
500940207872
500940207878
500940207880
500940207889
500940207894
500940207902
500940207919
500940207923
500940207927
500940207929
500940207942
500940207948
500940207950
500940207951
500940207952
500940207954
500940207955
500940207957
500940207958
500940207961
500940207962
500940207964
500940207967
500940207968
500940207970
500940207974
500940207994
500940207997
