500940704004
500940704016
500940704021
500940704023
500940704026
500940704028
500940704030
500940704055
500940704072
500940704077
500940704084
500940704087
500940704091
500940704111
500940704117
500940704123
500940704127
500940704129
500940704131
500940704184
500940704187
500940704189
500940704194
500940704198
500940704200
500940704221
500940704229
500940704237
500940704238
500940704244
500940704247
500940704257
500940704261
500940704263
500940704267
500940704275
500940704280
500940704283
500940704285
500940704293
500940704297
500940704304
500940704306
500940704315
500940704324
500940704336
500940704373
500940704374
500940704376
500940704379
500940704380
500940704384
500940704385
500940704420
500940704427
500940704434
500940704437
500940704440
500940704460
500940704466
500940704468
500940704471
500940704490
500940704508
500940704510
500940704517
500940704529
500940704532
500940704536
500940704540
500940704543
500940704559
500940704574
500940704580
500940704583
500940704592
500940704595
500940704617
500940704619
500940704623
500940704626
500940704640
500940704646
500940704658
500940704679
500940704686
500940704695
500940704698
500940704700
500940704715
500940704738
500940704741
500940704744
500940704745
500940704751
500940704752
500940704754
500940704771
500940704785
500940704801
500940704810
500940704815
500940704818
500940704864
500940704868
500940704870
500940704871
500940704874
500940704889
500940704894
500940704903
500940704907
500940704909
500940704911
500940704923
500940704930
500940704938
500940704948
500940704969
500940704975
500940704995
