500940919005
500940919007
500940919024
500940919035
500940919042
500940919049
500940919056
500940919058
500940919062
500940919064
500940919071
500940919073
500940919075
500940919076
500940919078
500940919084
500940919091
500940919104
500940919112
500940919141
500940919142
500940919150
500940919174
500940919180
500940919188
500940919194
500940919195
500940919208
500940919224
500940919230
500940919234
500940919236
500940919237
500940919256
500940919270
500940919273
500940919276
500940919282
500940919283
500940919287
500940919291
500940919304
500940919307
500940919317
500940919375
500940919376
500940919377
500940919379
500940919381
500940919387
500940919393
500940919406
500940919408
500940919411
500940919416
500940919417
500940919428
500940919433
500940919436
500940919443
500940919460
500940919474
500940919510
500940919523
500940919531
500940919548
500940919585
500940919589
500940919602
500940919612
500940919614
500940919616
500940919624
500940919627
500940919632
500940919637
500940919641
500940919652
500940919673
500940919697
500940919705
500940919720
500940919728
500940919738
500940919750
500940919753
500940919764
500940919770
500940919796
500940919799
