501114183060
501114183076
501114183135
501114183258
501114183271
501114183276
501114183334
501114183344
501114183424
501114183465
501114183469
501114183471
501114183473
501114183475
501114183477
501114183480
501114183482
501114183494
501114183562
501114183591
501114183612
501114183614
501114183616
501114183617
501114183627
501114183629
501114183630
501114183631
501114183632
501114183635
501114183636
501114183640
501114183644
501114183690
501114183695
501114183699
501114183715
501114183716
501114183718
501114183724
501114183726
501114183730
501114183751
501114183758
501114183766
501114183845
501114183849
501114183853
501114183857
501114183885
501114183886
501114183931
501114183936
501114183991
501114183992
501114183995
501114183997
501114183999
