501114614019
501114614069
501114614157
501114614238
501114614279
501114614282
501114614283
501114614288
501114614293
501114614299
501114614328
501114614351
501114614353
501114614355
501114614357
501114614358
501114614359
501114614360
501114614361
501114614366
501114614371
501114614372
501114614373
501114614374
501114614375
501114614376
501114614388
501114614437
501114614534
501114614559
501114614561
501114614569
501114614571
501114614578
501114614579
501114614580
501114614582
501114614584
501114614586
501114614588
501114614589
501114614600
501114614601
501114614603
501114614624
501114614636
501114614637
501114614679
501114614681
501114614682
501114614712
501114614717
501114614719
501114614749
501114614758
501114614761
501114614763
501114614766
501114614767
501114614769
501114614774
501114614782
501114614795
501114614813
501114614816
501114614818
501114614819
501114614820
501114614823
501114614825
501114614832
501114614833
501114614834
501114614835
501114614836
501114614837
501114614838
501114614840
501114614842
501114614871
501114614876
501114614879
501114614880
501114614888
501114614896
501114614906
501114614909
501114614912
501114614916
501114614919
501114614920
501114614922
501114614923
501114614925
501114614927
501114614930
501114614932
501114614933
501114614934
501114614988
501114614990
501114614992
501114614994
501114614995
501114614996
501114614997
501114614999
