501114759003
501114759031
501114759037
501114759047
501114759053
501114759071
501114759074
501114759077
501114759079
501114759081
501114759098
501114759114
501114759141
501114759161
501114759165
501114759168
501114759172
501114759174
501114759177
501114759181
501114759184
501114759189
501114759209
501114759211
501114759214
501114759228
501114759232
501114759289
501114759294
501114759308
501114759351
501114759420
501114759421
501114759422
501114759424
501114759425
501114759543
501114759580
501114759583
501114759584
501114759586
501114759591
501114759596
501114759597
501114759598
501114759599
501114759620
501114759708
501114759709
501114759710
501114759716
501114759717
501114759726
501114759730
501114759743
501114759773
501114759966
