501121104001
501121104053
501121104152
501121104153
501121104154
501121104155
501121104157
501121104174
501121104176
501121104178
501121104179
501121104181
501121104184
501121104185
501121104186
501121104187
501121104188
501121104190
501121104191
501121104192
501121104194
501121104196
501121104199
501121104201
501121104202
501121104204
501121104207
501121104210
501121104212
501121104214
501121104216
501121104219
501121104221
501121104251
501121104252
501121104253
501121104254
501121104256
501121104258
501121104259
501121104261
501121104263
501121104288
501121104290
501121104295
501121104297
501121104300
501121104309
501121104312
501121104317
501121104318
501121104320
501121104321
501121104322
501121104323
501121104325
501121104326
501121104327
501121104328
501121104329
501121104330
501121104472
501121104506
501121104750
501121104800
501121104810
501121104811
501121104943
501121104944
501121104955
501121104983
501121104984
501121104985
501121104986
501121104989
501121104991
501121104992
501121104994
