501121940075
501121940118
501121940201
501121940202
501121940302
501121940368
501121940369
501121940373
501121940374
501121940375
501121940378
501121940382
501121940383
501121940384
501121940386
501121940388
501121940390
501121940391
501121940392
501121940393
501121940395
501121940397
501121940472
501121940481
501121940519
501121940521
501121940600
501121940751
501121940768
501121940770
501121940815
501121940820
501121940839
501121940844
501121940847
501121940851
501121940852
501121940853
501121940855
501121940857
501121940859
501121940861
501121940863
501121940865
501121940867
501121940869
501121940871
501121940917
501121940924
501121940937
501121940988
501121940990
