501121982032
501121982056
501121982058
501121982060
501121982062
501121982063
501121982065
501121982098
501121982106
501121982187
501121982197
501121982206
501121982214
501121982216
501121982226
501121982227
501121982251
501121982284
501121982346
501121982369
501121982425
501121982429
501121982444
501121982446
501121982447
501121982448
501121982449
501121982454
501121982456
501121982461
501121982462
501121982463
501121982464
501121982470
501121982476
501121982550
501121982562
501121982563
501121982571
501121982593
501121982594
