501016027002
501016027026
501016027046
501016027047
501016027051
501016027059
501016027075
501016027076
501016027080
501016027081
501016027125
501016027149
501016027160
501016027180
501016027201
501016027210
501016027231
501016027238
501016027242
501016027245
501016027267
501016027287
501016027291
501016027313
501016027320
501016027331
501016027337
501016027340
501016027344
501016027345
501016027347
501016027361
501016027378
501016027382
501016027385
501016027391
501016027401
501016027424
501016027435
501016027436
501016027441
501016027504
501016027506
501016027517
501016027522
501016027528
501016027532
501016027554
501016027570
501016027577
501016027579
501016027593
501016027594
501016027620
501016027647
501016027651
501016027669
501016027670
501016027682
501016027696
501016027709
501016027729
501016027767
501016027773
501016027818
501016027828
501016027882
501016027886
501016027940
501016027961
501016027980
501016027983
501016027987
501016027989
501016027992
