501016133000
501016133018
501016133124
501016133149
501016133166
501016133167
501016133172
501016133200
501016133205
501016133208
501016133227
501016133228
501016133235
501016133243
501016133305
501016133311
501016133315
501016133320
501016133330
501016133348
501016133353
501016133376
501016133390
501016133392
501016133423
501016133437
501016133468
501016133485
501016133488
501016133502
501016133508
501016133540
501016133549
501016133557
501016133567
501016133584
501016133611
501016133614
501016133646
501016133653
501016133655
501016133676
501016133694
501016133731
501016133745
501016133760
501016133789
501016133799
501016133814
501016133818
501016133822
501016133874
501016133882
501016133887
501016133898
501016133904
501016133930
501016133936
501016133945
501016133958
