501016255038
501016255039
501016255070
501016255072
501016255074
501016255079
501016255090
501016255114
501016255124
501016255128
501016255134
501016255139
501016255140
501016255143
501016255145
501016255148
501016255151
501016255159
501016255168
501016255169
501016255173
501016255176
501016255177
501016255185
501016255187
501016255189
501016255248
501016255317
501016255377
501016255390
501016255407
501016255411
501016255440
501016255449
501016255465
501016255470
501016255477
501016255479
501016255481
501016255485
501016255488
501016255500
501016255508
501016255516
501016255525
501016255541
501016255545
501016255563
501016255565
501016255570
501016255575
501016255579
501016255582
501016255586
501016255597
501016255600
501016255601
501016255605
501016255625
501016255627
501016255628
501016255643
501016255662
501016255693
501016255714
501016255723
501016255728
501016255737
501016255803
501016255804
501016255863
501016255868
501016255873
501016255875
501016255896
501016255914
501016255923
501016255938
501016255940
501016255959
501016255974
501016255976
501016255993
