501016544000
501016544007
501016544038
501016544044
501016544052
501016544055
501016544111
501016544112
501016544114
501016544131
501016544147
501016544180
501016544203
501016544205
501016544207
501016544215
501016544222
501016544245
501016544294
501016544299
501016544302
501016544335
501016544342
501016544344
501016544346
501016544356
501016544415
501016544423
501016544427
501016544429
501016544435
501016544445
501016544455
501016544463
501016544468
501016544479
501016544493
501016544495
501016544499
501016544515
501016544547
501016544553
501016544598
501016544603
501016544607
501016544611
501016544612
501016544623
501016544624
501016544633
501016544661
501016544664
501016544673
501016544712
501016544718
501016544740
501016544748
501016544758
501016544762
501016544772
501016544780
501016544784
501016544787
501016544791
501016544802
501016544810
501016544828
501016544831
501016544838
501016544840
501016544848
501016544879
501016544892
501016544895
501016544897
501016544900
501016544905
501016544912
501016544933
501016544934
501016544938
