501016666068
501016666082
501016666087
501016666088
501016666125
501016666147
501016666200
501016666204
501016666209
501016666218
501016666224
501016666226
501016666230
501016666240
501016666259
501016666277
501016666311
501016666317
501016666326
501016666329
501016666336
501016666347
501016666366
501016666367
501016666374
501016666380
501016666384
501016666386
501016666401
501016666420
501016666438
501016666478
501016666485
501016666488
501016666503
501016666507
501016666508
501016666511
501016666516
501016666518
501016666521
501016666535
501016666545
501016666547
501016666555
501016666562
501016666566
501016666571
501016666584
501016666601
501016666607
501016666644
501016666669
501016666671
501016666674
501016666685
501016666701
501016666706
501016666757
501016666797
501016666798
501016666864
501016666880
501016666924
501016666932
501016666934
501016666950
501016666961
501016666967
501016666974
