501016828000
501016828104
501016828119
501016828124
501016828129
501016828134
501016828181
501016828200
501016828203
501016828206
501016828208
501016828219
501016828234
501016828246
501016828256
501016828259
501016828310
501016828316
501016828331
501016828334
501016828336
501016828358
501016828360
501016828363
501016828365
501016828395
501016828422
501016828425
501016828427
501016828429
501016828432
501016828440
501016828443
501016828448
501016828457
501016828500
501016828513
501016828516
501016828523
501016828525
501016828528
501016828531
501016828533
501016828549
501016828553
501016828589
501016828592
501016828595
501016828606
501016828610
501016828627
501016828639
501016828643
501016828677
501016828686
501016828703
501016828705
501016828731
501016828735
501016828739
501016828741
501016828748
501016828749
501016828751
501016828777
501016828806
501016828813
501016828816
501016828840
501016828843
501016828846
501016828859
501016828881
501016828888
501016828894
501016828901
501016828911
501016828914
501016828934
501016828974
501016828978
501016828988
