501016875000
501016875004
501016875013
501016875016
501016875022
501016875031
501016875066
501016875075
501016875093
501016875094
501016875101
501016875110
501016875130
501016875131
501016875217
501016875226
501016875228
501016875247
501016875250
501016875276
501016875288
501016875296
501016875315
501016875342
501016875366
501016875370
501016875382
501016875393
501016875395
501016875473
501016875483
501016875528
501016875539
501016875544
501016875559
501016875580
501016875599
501016875641
501016875643
501016875670
501016875696
501016875698
501016875750
501016875751
501016875770
501016875771
501016875772
501016875817
501016875828
501016875837
501016875879
501016875888
501016875890
