501029454000
501029454008
501029454010
501029454014
501029454015
501029454017
501029454020
501029454058
501029454103
501029454113
501029454151
501029454188
501029454241
501029454280
501029454284
501029454298
501029454306
501029454310
501029454317
501029454318
501029454350
501029454360
501029454361
501029454370
501029454384
501029454387
501029454389
501029454394
501029454396
501029454405
501029454442
501029454461
501029454470
501029454485
501029454540
501029454567
501029454586
501029454612
501029454624
501029454649
501029454670
501029454690
501029454712
501029454719
501029454737
501029454740
501029454785
501029454802
501029454805
501029454836
501029454847
501029454908
501029454922
501029454934
501029454936
501029454940
501029454997
