501029901008
501029901019
501029901023
501029901052
501029901054
501029901104
501029901109
501029901115
501029901119
501029901130
501029901132
501029901135
501029901140
501029901181
501029901187
501029901199
501029901207
501029901216
501029901219
501029901221
501029901224
501029901227
501029901237
501029901288
501029901289
501029901295
501029901306
501029901335
501029901356
501029901391
501029901393
501029901395
501029901397
501029901399
501029901401
501029901403
501029901405
501029901406
501029901408
501029901440
501029901463
501029901468
501029901469
501029901486
501029901489
501029901491
501029901492
501029901502
501029901555
501029901629
501029901680
501029901687
501029901723
501029901800
501029901839
501029901850
501029901862
501029901912
501029901914
501029901923
501029901968
501029901974
501029901983
