500902668000
500902668008
500902668033
500902668040
500902668073
500902668091
500902668097
500902668099
500902668102
500902668105
500902668107
500902668115
500902668165
500902668211
500902668249
500902668250
500902668253
500902668255
500902668261
500902668265
500902668269
500902668348
500902668435
500902668436
500902668446
500902668448
500902668512
500902668516
500902668578
500902668581
500902668599
500902668624
500902668635
500902668701
500902668768
500902668772
500902668774
500902668795
500902668836
500902668963
500902668981
