501101731009
501101731011
501101731041
501101731042
501101731043
501101731105
501101731109
501101731155
501101731175
501101731187
501101731188
501101731190
501101731192
501101731271
501101731272
501101731273
501101731281
501101731343
501101731418
501101731420
501101731507
501101731510
501101731511
501101731533
501101731545
501101731550
501101731551
501101731552
501101731633
501101731635
501101731639
501101731640
501101731705
501101731722
501101731723
501101731724
501101731726
501101731808
501101731809
501101731810
501101731812
501101731869
501101731870
501101731871
501101731872
501101731911
501101731935
501101731942
501101731944
501101731946
501101731963
501101731973
