501028201004
501028201025
501028201027
501028201063
501028201064
501028201066
501028201071
501028201074
501028201080
501028201091
501028201094
501028201096
501028201098
501028201100
501028201102
501028201104
501028201110
501028201115
501028201116
501028201117
501028201118
501028201124
501028201126
501028201128
501028201129
501028201130
501028201156
501028201158
501028201173
501028201180
501028201181
501028201252
501028201253
501028201261
501028201288
501028201293
501028201297
501028201299
501028201315
501028201328
501028201332
501028201353
501028201359
501028201362
501028201363
501028201384
501028201392
501028201441
501028201474
501028201488
501028201511
501028201526
501028201557
501028201562
501028201583
501028201586
501028201590
501028201593
501028201600
501028201645
501028201649
501028201651
501028201667
501028201677
501028201691
501028201693
501028201700
501028201701
501028201705
501028201706
501028201717
501028201732
501028201742
501028201748
501028201786
501028201817
501028201835
501028201840
501028201868
501028201879
501028201924
501028201944
501028201973
501028201984
501028201991
