501028264005
501028264066
501028264075
501028264089
501028264103
501028264105
501028264136
501028264205
501028264208
501028264214
501028264254
501028264290
501028264331
501028264356
501028264375
501028264400
501028264406
501028264418
501028264429
501028264432
501028264442
501028264447
501028264471
501028264507
501028264514
501028264525
501028264577
501028264587
501028264635
501028264649
501028264650
501028264661
501028264701
501028264731
501028264735
501028264742
501028264744
501028264746
501028264748
501028264755
501028264768
501028264782
501028264787
501028264793
501028264794
501028264796
501028264804
501028264805
501028264806
501028264808
501028264812
501028264818
501028264839
501028264843
501028264845
501028264851
501028264857
501028264890
501028264907
501028264944
501028264963
501028264969
