501028379006
501028379015
501028379027
501028379065
501028379084
501028379129
501028379149
501028379161
501028379240
501028379242
501028379246
501028379258
501028379266
501028379280
501028379283
501028379288
501028379297
501028379319
501028379365
501028379373
501028379380
501028379396
501028379417
501028379437
501028379457
501028379470
501028379536
501028379543
501028379549
501028379599
501028379636
501028379643
501028379655
501028379656
501028379660
501028379661
501028379666
501028379668
501028379726
501028379727
501028379742
501028379760
501028379762
501028379780
501028379785
501028379825
501028379845
501028379855
501028379863
501028379866
501028379873
501028379883
501028379885
501028379886
501028379894
501028379904
501028379905
501028379912
501028379921
501028379933
501028379941
501028379963
501028379964
501028379977
