501028383023
501028383030
501028383068
501028383090
501028383093
501028383099
501028383105
501028383112
501028383131
501028383135
501028383150
501028383163
501028383191
501028383193
501028383201
501028383315
501028383317
501028383324
501028383326
501028383365
501028383384
501028383386
501028383398
501028383402
501028383410
501028383423
501028383438
501028383444
501028383453
501028383456
501028383460
501028383475
501028383479
501028383562
501028383564
501028383566
501028383582
501028383584
501028383586
501028383595
501028383598
501028383618
501028383629
501028383636
501028383670
501028383691
501028383725
501028383729
501028383731
501028383796
501028383870
501028383890
501028383893
501028383907
501028383928
501028383936
501028383959
501028383961
501028383966
501028383977
501028383984
501028383991
501028383992
