501028719056
501028719061
501028719074
501028719140
501028719145
501028719150
501028719159
501028719160
501028719161
501028719163
501028719164
501028719171
501028719183
501028719213
501028719238
501028719275
501028719285
501028719286
501028719290
501028719297
501028719314
501028719318
501028719321
501028719375
501028719409
501028719458
501028719502
501028719513
501028719564
501028719579
501028719580
501028719597
501028719637
501028719658
501028719696
501028719719
501028719735
501028719765
501028719770
501028719786
501028719790
501028719801
501028719806
501028719820
501028719889
501028719896
501028719908
501028719933
501028719938
501028719985
501028719989
