501028839002
501028839004
501028839005
501028839008
501028839018
501028839027
501028839045
501028839071
501028839096
501028839107
501028839122
501028839134
501028839184
501028839209
501028839219
501028839225
501028839251
501028839285
501028839292
501028839297
501028839304
501028839314
501028839315
501028839348
501028839363
501028839377
501028839396
501028839413
501028839441
501028839448
501028839451
501028839454
501028839458
501028839468
501028839473
501028839505
501028839514
501028839568
501028839570
501028839596
501028839606
501028839612
501028839677
501028839685
501028839710
501028839718
501028839771
501028839794
501028839803
501028839877
501028839909
501028839947
501028839949
501028839977
501028839996
