500928305000
500928305022
500928305046
500928305050
500928305082
500928305124
500928305142
500928305182
500928305222
500928305239
500928305240
500928305248
500928305256
500928305259
500928305263
500928305283
500928305286
500928305303
500928305306
500928305308
500928305314
500928305344
500928305345
500928305376
500928305391
500928305426
500928305429
500928305434
500928305473
500928305561
500928305564
500928305598
500928305707
500928305711
500928305740
500928305794
500928305800
500928305809
500928305818
