500928583412
500928583415
500928583419
500928583428
500928583432
500928583438
500928583440
500928583468
500928583473
500928583475
500928583477
500928583487
500928583495
500928583519
500928583523
500928583528
500928583549
500928583562
500928583569
500928583582
500928583589
500928583592
500928583600
500928583615
500928583627
500928583636
500928583680
500928583699
500928583723
500928583739
500928583755
500928583767
500928583768
500928583775
500928583782
500928583784
500928583787
500928583798
500928583804
500928583807
