501007349005
501007349011
501007349021
501007349027
501007349030
501007349038
501007349041
501007349045
501007349060
501007349061
501007349069
501007349126
501007349139
501007349142
501007349146
501007349160
501007349170
501007349176
501007349185
501007349198
501007349203
501007349232
501007349240
501007349250
501007349257
501007349259
501007349270
501007349294
501007349297
501007349300
501007349306
501007349310
501007349313
501007349327
501007349373
501007349385
501007349393
501007349416
501007349440
501007349454
501007349468
501007349524
501007349549
501007349553
501007349558
501007349568
501007349575
501007349578
501007349581
501007349588
501007349602
501007349608
501007349613
501007349625
501007349630
501007349632
501007349640
501007349644
501007349651
501007349732
501007349734
501007349740
501007349742
501007349745
501007349752
501007349761
501007349769
501007349775
501007349794
501007349825
501007349833
501007349835
501007349852
501007349857
501007349870
501007349893
501007349897
501007349970
501007349979
501007349980
501007349997
