501007614004
501007614009
501007614014
501007614024
501007614038
501007614047
501007614049
501007614070
501007614079
501007614083
501007614095
501007614098
501007614163
501007614184
501007614203
501007614230
501007614280
501007614282
501007614291
501007614328
501007614333
501007614342
501007614352
501007614365
501007614372
501007614373
501007614384
501007614413
501007614452
501007614477
501007614479
501007614480
501007614483
501007614487
501007614489
501007614508
501007614591
501007614593
501007614604
501007614612
501007614615
501007614618
501007614621
501007614635
501007614641
501007614646
501007614672
501007614673
501007614678
501007614695
501007614698
501007614702
501007614757
501007614769
501007614778
501007614784
501007614815
501007614822
501007614829
501007614832
501007614834
501007614881
501007614883
501007614886
501007614907
501007614924
501007614930
501007614942
