501007739011
501007739013
501007739049
501007739059
501007739060
501007739061
501007739078
501007739081
501007739089
501007739099
501007739111
501007739114
501007739120
501007739122
501007739139
501007739146
501007739147
501007739164
501007739175
501007739210
501007739219
501007739222
501007739232
501007739234
501007739236
501007739238
501007739241
501007739243
501007739269
501007739270
501007739276
501007739283
501007739286
501007739291
501007739325
501007739332
501007739334
501007739339
501007739346
501007739352
501007739355
501007739363
501007739364
501007739365
501007739417
501007739420
501007739430
501007739450
501007739452
501007739474
501007739483
501007739488
501007739500
501007739516
501007739519
501007739521
501007739533
501007739542
501007739553
501007739580
501007739582
501007739586
501007739596
501007739602
501007739611
501007739614
501007739616
501007739641
501007739644
501007739651
501007739657
501007739677
501007739693
501007739709
501007739717
501007739737
501007739749
501007739751
501007739753
501007739759
501007739767
501007739782
501007739791
501007739801
501007739805
501007739818
501007739821
501007739826
501007739864
501007739881
501007739895
501007739907
501007739930
501007739933
501007739938
501007739972
501007739978
