501007807006
501007807010
501007807018
501007807019
501007807023
501007807030
501007807044
501007807070
501007807083
501007807110
501007807132
501007807188
501007807194
501007807203
501007807205
501007807213
501007807219
501007807247
501007807255
501007807260
501007807264
501007807267
501007807271
501007807278
501007807283
501007807286
501007807287
501007807289
501007807290
501007807292
501007807296
501007807299
501007807300
501007807302
501007807308
501007807313
501007807315
501007807317
501007807318
501007807319
501007807323
501007807325
501007807328
501007807329
501007807331
501007807354
501007807358
501007807365
501007807372
501007807382
501007807390
501007807403
501007807413
501007807429
501007807439
501007807454
501007807475
501007807480
501007807482
501007807505
501007807515
501007807517
501007807571
501007807584
501007807616
501007807631
501007807636
501007807699
501007807708
501007807732
501007807733
501007807758
501007807778
501007807793
501007807794
501007807799
501007807806
501007807823
501007807834
501007807843
501007807848
501007807850
501007807858
501007807865
501007807869
501007807871
501007807875
501007807911
501007807922
501007807926
501007807936
501007807942
501007807944
501007807949
501007807982
501007807985
501007807990
501007807994
