501007853005
501007853015
501007853035
501007853051
501007853080
501007853084
501007853097
501007853109
501007853122
501007853162
501007853186
501007853212
501007853219
501007853226
501007853233
501007853239
501007853247
501007853257
501007853271
501007853289
501007853310
501007853319
501007853322
501007853369
501007853382
501007853388
501007853398
501007853404
501007853409
501007853438
501007853446
501007853458
501007853467
501007853469
501007853473
501007853502
501007853508
501007853519
501007853520
501007853522
501007853531
501007853537
501007853549
501007853585
501007853606
501007853608
501007853622
501007853633
501007853655
501007853675
501007853677
501007853680
501007853685
501007853691
501007853695
501007853740
501007853746
501007853775
501007853797
501007853798
501007853803
501007853850
501007853873
501007853884
501007853907
501007853908
501007853912
501007853916
501007853923
501007853928
501007853941
501007853947
501007853954
501007853959
501007853961
501007853973
501007853982
501007853995
