501007997005
501007997014
501007997021
501007997023
501007997028
501007997042
501007997051
501007997059
501007997073
501007997075
501007997076
501007997091
501007997110
501007997118
501007997125
501007997126
501007997128
501007997130
501007997136
501007997207
501007997217
501007997227
501007997235
501007997238
501007997253
501007997265
501007997266
501007997268
501007997280
501007997281
501007997287
501007997292
501007997293
501007997295
501007997296
501007997300
501007997305
501007997306
501007997320
501007997324
501007997330
501007997361
501007997370
501007997377
501007997379
501007997390
501007997394
501007997410
501007997413
501007997415
501007997420
501007997430
501007997487
501007997504
501007997506
501007997539
501007997543
501007997549
501007997552
501007997553
501007997555
501007997575
501007997593
501007997610
501007997614
501007997615
501007997617
501007997621
501007997624
501007997640
501007997651
501007997652
501007997666
501007997674
501007997676
501007997681
501007997685
501007997704
501007997716
501007997731
501007997737
501007997738
501007997743
501007997754
501007997758
501007997762
501007997781
501007997782
501007997788
501007997801
501007997837
501007997842
501007997848
501007997869
501007997886
501007997890
501007997896
501007997897
501007997908
501007997923
501007997952
501007997955
501007997961
501007997969
501007997971
501007997972
501007997990
501007997993
