501056618014
501056618030
501056618036
501056618042
501056618045
501056618064
501056618065
501056618075
501056618104
501056618116
501056618177
501056618196
501056618212
501056618223
501056618234
501056618252
501056618314
501056618341
501056618361
501056618391
501056618413
501056618421
501056618474
501056618493
501056618546
501056618583
501056618584
501056618601
501056618636
501056618690
501056618706
501056618779
501056618780
501056618782
501056618787
501056618790
501056618792
501056618811
501056618818
501056618854
501056618857
501056618860
501056618865
501056618881
501056618885
501056618896
501056618925
501056618930
501056618940
501056618979
