500948115007
500948115011
500948115013
500948115015
500948115016
500948115112
500948115113
500948115123
500948115129
500948115140
500948115146
500948115152
500948115155
500948115161
500948115168
500948115170
500948115178
500948115181
500948115192
500948115196
500948115203
500948115212
500948115225
500948115243
500948115256
500948115292
500948115296
500948115301
500948115302
500948115310
500948115335
500948115336
500948115338
500948115356
500948115360
500948115362
500948115365
500948115370
500948115373
500948115382
500948115403
500948115422
500948115445
500948115452
500948115457
500948115467
500948115483
500948115491
500948115492
500948115494
500948115498
500948115499
500948115501
500948115507
500948115510
500948115530
500948115532
500948115539
500948115554
500948115563
500948115564
500948115573
500948115581
500948115582
500948115583
500948115586
500948115608
500948115612
500948115617
500948115628
500948115633
500948115637
500948115641
500948115642
500948115664
500948115665
500948115666
500948115684
500948115688
500948115689
500948115691
500948115694
500948115718
500948115721
500948115752
500948115759
500948115765
500948115772
500948115774
500948115778
500948115781
500948115798
500948115803
500948115813
500948115815
500948115817
