500948137035
500948137038
500948137041
500948137042
500948137045
500948137046
500948137051
500948137067
500948137101
500948137106
500948137136
500948137153
500948137155
500948137156
500948137167
500948137173
500948137184
500948137193
500948137194
500948137199
500948137212
500948137214
500948137219
500948137229
500948137238
500948137242
500948137255
500948137257
500948137258
500948137259
500948137265
500948137267
500948137273
500948137275
500948137276
500948137279
500948137288
500948137290
500948137294
500948137297
500948137309
500948137311
500948137313
500948137314
500948137316
500948137319
500948137330
500948137332
500948137333
500948137337
500948137345
500948137351
500948137360
500948137383
500948137390
500948137394
500948137396
500948137401
500948137404
500948137405
500948137406
500948137408
500948137415
500948137417
500948137431
500948137433
500948137434
500948137436
500948137441
500948137445
500948137457
500948137458
500948137462
500948137464
500948137466
500948137482
500948137483
500948137486
500948137488
500948137490
500948137506
500948137512
500948137516
500948137519
500948137524
500948137527
500948137530
500948137531
500948137535
500948137550
500948137551
500948137554
500948137555
500948137558
500948137560
500948137561
500948137570
500948137572
500948137587
500948137596
500948137609
500948137612
500948137615
500948137624
500948137632
500948137636
500948137648
500948137655
500948137660
500948137666
500948137672
500948137684
500948137731
500948137739
500948137748
500948137750
500948137752
500948137758
500948137784
500948137794
500948137796
500948137801
500948137809
500948137810
500948137815
500948137816
500948137825
500948137834
500948137844
500948137850
500948137871
500948137878
500948137896
500948137897
500948137906
500948137910
500948137913
500948137927
500948137943
500948137955
500948137967
500948137973
500948137978
500948137985
500948137992
500948137993
