500948255027
500948255032
500948255034
500948255035
500948255037
500948255038
500948255039
500948255041
500948255042
500948255055
500948255056
500948255057
500948255071
500948255072
500948255074
500948255085
500948255091
500948255096
500948255100
500948255103
500948255108
500948255113
500948255117
500948255120
500948255123
500948255131
500948255134
500948255135
500948255144
500948255147
500948255149
500948255153
500948255154
500948255172
500948255173
500948255219
500948255220
500948255226
500948255227
500948255233
500948255238
500948255259
500948255260
500948255264
500948255266
500948255289
500948255293
500948255296
500948255302
500948255306
500948255314
500948255316
500948255347
500948255349
500948255351
500948255354
500948255363
500948255366
500948255368
500948255370
500948255375
500948255376
500948255378
500948255389
500948255390
500948255393
500948255401
500948255404
500948255428
500948255445
500948255454
500948255471
500948255477
500948255480
500948255482
500948255487
500948255507
500948255516
500948255526
500948255529
500948255532
500948255535
500948255545
500948255548
500948255558
500948255560
500948255570
500948255574
500948255585
500948255736
500948255749
500948255757
500948255763
500948255770
500948255775
500948255781
500948255782
500948255784
500948255792
500948255809
500948255813
500948255815
500948255817
500948255818
500948255825
500948255828
500948255838
500948255866
500948255869
500948255871
500948255873
500948255884
500948255888
500948255890
500948255891
500948255903
500948255908
500948255915
500948255918
500948255921
500948255922
500948255924
500948255928
500948255931
500948255932
500948255934
500948255935
500948255995
500948255999
