500948276002
500948276022
500948276031
500948276039
500948276040
500948276041
500948276060
500948276067
500948276069
500948276070
500948276072
500948276081
500948276082
500948276093
500948276095
500948276112
500948276115
500948276125
500948276133
500948276135
500948276136
500948276140
500948276152
500948276157
500948276170
500948276175
500948276176
500948276178
500948276180
500948276186
500948276195
500948276217
500948276219
500948276222
500948276225
500948276227
500948276230
500948276235
500948276237
500948276238
500948276245
500948276247
500948276249
500948276252
500948276253
500948276258
500948276260
500948276265
500948276296
500948276309
500948276312
500948276316
500948276343
500948276346
500948276347
500948276349
500948276357
500948276359
500948276366
500948276371
500948276375
500948276392
500948276395
500948276405
500948276408
500948276440
500948276443
500948276446
500948276453
500948276481
500948276482
500948276484
500948276488
500948276491
500948276494
500948276498
500948276501
500948276520
500948276522
500948276534
500948276538
500948276539
500948276547
500948276549
500948276561
500948276571
500948276583
500948276594
500948276605
500948276647
500948276648
500948276654
500948276656
500948276663
500948276665
500948276671
500948276674
500948276684
500948276694
500948276697
500948276707
500948276721
500948276722
500948276773
500948276776
500948276778
500948276782
500948276792
500948276799
500948276800
500948276803
500948276805
500948276831
500948276844
500948276857
500948276878
500948276886
500948276926
500948276928
500948276930
500948276947
500948276954
500948276963
500948276973
500948276975
500948276982
