500948643017
500948643044
500948643046
500948643080
500948643083
500948643094
500948643107
500948643109
500948643125
500948643141
500948643143
500948643159
500948643184
500948643221
500948643235
500948643237
500948643259
500948643262
500948643265
500948643283
500948643330
500948643335
500948643336
500948643338
500948643370
500948643426
500948643465
500948643499
500948643504
500948643505
500948643521
500948643537
500948643542
500948643560
500948643563
500948643568
500948643632
500948643638
500948643640
500948643641
500948643661
500948643663
500948643665
500948643680
500948643682
500948643691
500948643697
500948643701
500948643702
500948643703
500948643706
500948643708
500948643715
500948643743
500948643752
500948643754
500948643757
500948643846
500948643849
500948643866
500948643870
500948643882
500948643884
500948643897
500948643905
500948643906
500948643909
500948643914
500948643915
500948643921
500948643938
500948643943
500948643954
500948643975
500948643982
