500266398006
500266398021
500266398094
500266398222
500266398224
500266398410
500266398478
500266398507
500266398533
500266398536
500266398539
500266398574
500266398652
500266398658
500266398675
500266398717
500266398724
500266398807
500266398868
500266398879
500266398006
500266398021
500266398094
500266398222
500266398224
500266398410
500266398478
500266398507
500266398533
500266398536
500266398539
500266398574
500266398652
500266398658
500266398675
500266398717
500266398724
500266398807
500266398868
500266398879
