500957076007
500957076011
500957076013
500957076016
500957076018
500957076019
500957076020
500957076021
500957076023
500957076032
500957076035
500957076039
500957076041
500957076044
500957076057
500957076063
500957076073
500957076074
500957076080
500957076091
500957076097
500957076100
500957076101
500957076104
500957076105
500957076117
500957076125
500957076133
500957076135
500957076142
500957076152
500957076165
500957076184
500957076189
500957076212
500957076215
500957076224
500957076228
500957076230
500957076236
500957076237
500957076326
500957076342
500957076346
500957076362
500957076371
500957076390
500957076391
500957076393
500957076403
500957076407
500957076423
500957076439
500957076451
500957076484
500957076494
500957076501
500957076503
500957076504
500957076508
500957076534
500957076535
500957076539
500957076550
500957076556
500957076562
500957076566
500957076572
500957076573
500957076596
500957076601
500957076603
500957076607
500957076610
500957076624
500957076625
500957076640
500957076642
500957076644
500957076648
500957076652
500957076696
500957076699
500957076741
500957076759
500957076765
500957076797
500957076802
500957076808
500957076831
500957076866
500957076897
500957076900
500957076904
500957076907
500957076909
500957076928
500957076936
500957076942
500957076952
500957076954
