500957112004
500957112007
500957112012
500957112017
500957112038
500957112052
500957112074
500957112079
500957112084
500957112095
500957112109
500957112117
500957112118
500957112142
500957112147
500957112152
500957112176
500957112177
500957112179
500957112181
500957112188
500957112193
500957112214
500957112216
500957112226
500957112227
500957112240
500957112242
500957112259
500957112262
500957112264
500957112298
500957112299
500957112318
500957112331
500957112333
500957112352
500957112356
500957112375
500957112382
500957112402
500957112403
500957112407
500957112438
500957112440
500957112442
500957112445
500957112454
500957112461
500957112462
500957112465
500957112470
500957112472
500957112482
500957112493
500957112495
500957112506
500957112512
500957112519
500957112522
500957112524
500957112526
500957112530
500957112564
500957112565
500957112569
500957112571
500957112576
500957112579
500957112581
500957112584
500957112586
500957112588
500957112592
500957112599
500957112601
500957112605
500957112608
500957112610
500957112613
500957112616
500957112622
500957112637
500957112644
500957112647
500957112655
500957112663
500957112665
500957112669
500957112671
500957112675
500957112679
500957112681
500957112684
500957112690
500957112692
500957112694
500957112695
500957112699
500957112706
500957112708
500957112712
500957112717
500957112721
500957112723
500957112725
500957112729
500957112735
500957112740
500957112745
500957112755
500957112760
500957112764
500957112769
500957112772
500957112775
500957112777
500957112785
500957112787
500957112789
500957112793
500957112796
500957112802
500957112805
500957112808
500957112827
500957112829
500957112834
500957112837
500957112842
500957112849
500957112851
500957112854
500957112856
500957112859
500957112862
500957112875
500957112884
500957112889
500957112891
500957112895
500957112899
500957112900
500957112909
500957112912
500957112927
500957112933
500957112948
500957112950
500957112962
500957112963
500957112964
500957112965
500957112966
500957112975
500957112984
500957112987
500957112995
500957112996
500957112997
500957112999
