500957177019
500957177021
500957177024
500957177046
500957177047
500957177053
500957177054
500957177059
500957177061
500957177064
500957177066
500957177070
500957177073
500957177088
500957177091
500957177097
500957177098
500957177101
500957177103
500957177108
500957177113
500957177114
500957177123
500957177135
500957177136
500957177137
500957177142
500957177143
500957177146
500957177152
500957177153
500957177155
500957177156
500957177157
500957177158
500957177159
500957177162
500957177185
500957177188
500957177192
500957177193
500957177194
500957177204
500957177215
500957177217
500957177220
500957177221
500957177224
500957177228
500957177236
500957177242
500957177243
500957177247
500957177252
500957177254
500957177258
500957177260
500957177263
500957177265
500957177269
500957177274
500957177276
500957177279
500957177283
500957177291
500957177294
500957177297
500957177302
500957177304
500957177310
500957177314
500957177315
500957177316
500957177317
500957177324
500957177332
500957177340
500957177344
500957177347
500957177351
500957177354
500957177359
500957177363
500957177364
500957177369
500957177371
500957177372
500957177375
500957177377
500957177379
500957177383
500957177388
500957177392
500957177395
500957177400
500957177402
500957177422
500957177425
500957177427
500957177429
500957177435
500957177437
500957177439
500957177451
500957177454
500957177455
500957177456
500957177459
500957177461
500957177463
500957177470
500957177472
500957177475
500957177478
500957177482
500957177483
500957177488
500957177490
500957177493
500957177498
500957177500
500957177504
500957177514
500957177516
500957177529
500957177531
500957177536
500957177538
500957177558
500957177560
500957177564
500957177567
500957177570
500957177574
500957177586
500957177588
500957177591
500957177594
500957177599
500957177604
500957177608
500957177611
500957177614
500957177617
500957177619
500957177622
500957177626
500957177627
500957177644
500957177647
500957177653
500957177655
500957177657
500957177659
500957177663
500957177667
500957177669
500957177670
500957177698
500957177700
500957177702
500957177707
500957177722
500957177731
500957177735
500957177739
500957177755
500957177757
500957177761
500957177762
500957177788
500957177795
500957177796
500957177829
500957177843
500957177848
500957177863
500957177865
500957177875
500957177901
500957177910
500957177916
500957177923
500957177935
500957177939
500957177941
500957177945
500957177950
500957177951
500957177957
500957177977
500957177988
500957177989
500957177991
500957177994
