500957228012
500957228017
500957228026
500957228028
500957228031
500957228037
500957228055
500957228059
500957228061
500957228094
500957228098
500957228105
500957228112
500957228118
500957228135
500957228172
500957228173
500957228175
500957228184
500957228205
500957228206
500957228208
500957228226
500957228230
500957228236
500957228237
500957228243
500957228246
500957228247
500957228259
500957228261
500957228267
500957228315
500957228318
500957228341
500957228364
500957228369
500957228374
500957228392
500957228396
500957228402
500957228417
500957228418
500957228449
500957228451
500957228459
500957228480
500957228509
500957228533
500957228534
500957228549
500957228552
500957228563
500957228576
500957228598
500957228602
500957228604
500957228606
500957228620
500957228621
500957228624
500957228628
500957228629
500957228636
500957228643
500957228649
500957228667
500957228672
500957228680
500957228683
500957228689
500957228701
500957228726
500957228745
500957228750
500957228778
500957228780
500957228799
500957228800
500957228804
500957228806
500957228822
500957228835
500957228846
500957228850
500957228872
500957228873
500957228882
500957228884
500957228886
500957228898
500957228901
500957228914
500957228926
500957228943
500957228953
500957228957
500957228959
500957228960
500957228961
500957228962
500957228963
500957228964
500957228967
500957228973
500957228974
500957228976
500957228977
500957228984
500957228985
