500957264015
500957264024
500957264027
500957264030
500957264033
500957264038
500957264044
500957264045
500957264050
500957264052
500957264055
500957264091
500957264093
500957264094
500957264103
500957264105
500957264133
500957264134
500957264141
500957264145
500957264147
500957264155
500957264157
500957264163
500957264166
500957264169
500957264181
500957264189
500957264190
500957264192
500957264195
500957264222
500957264225
500957264227
500957264248
500957264257
500957264274
500957264276
500957264289
500957264293
500957264305
500957264327
500957264338
500957264351
500957264382
500957264384
500957264388
500957264391
500957264400
500957264404
500957264405
500957264412
500957264413
500957264429
500957264432
500957264507
500957264512
500957264535
500957264540
500957264545
500957264562
500957264583
500957264606
500957264607
500957264615
500957264623
500957264626
500957264637
500957264644
500957264673
500957264685
500957264697
500957264699
500957264700
500957264705
500957264732
500957264755
500957264759
500957264782
500957264796
500957264825
500957264838
500957264843
500957264850
500957264852
500957264862
500957264911
500957264924
500957264925
500957264927
500957264939
500957264941
500957264942
500957264952
500957264955
500957264957
500957264971
500957264977
