500957315322
500957315331
500957315333
500957315349
500957315352
500957315356
500957315362
500957315374
500957315393
500957315397
500957315399
500957315400
500957315402
500957315422
500957315427
500957315434
500957315441
500957315455
500957315465
500957315466
500957315472
500957315473
500957315474
500957315479
500957315480
500957315497
500957315498
500957315515
500957315528
500957315529
500957315530
500957315534
500957315551
500957315553
500957315555
500957315556
500957315557
500957315558
500957315561
500957315573
500957315580
500957315581
500957315583
500957315598
500957315636
500957315638
500957315640
500957315642
500957315643
500957315648
500957315659
500957315660
500957315663
500957315665
500957315669
500957315676
500957315682
500957315684
500957315691
500957315694
500957315697
500957315700
500957315711
500957315716
500957315722
500957315730
500957315739
500957315781
500957315786
500957315813
500957315818
500957315838
500957315844
500957315866
500957315872
500957315876
500957315893
500957315927
500957315946
500957315949
500957315951
500957315959
500957315969
500957315973
500957315996
