500957528001
500957528002
500957528004
500957528008
500957528011
500957528013
500957528018
500957528033
500957528047
500957528052
500957528053
500957528065
500957528066
500957528067
500957528069
500957528073
500957528074
500957528076
500957528079
500957528081
500957528092
500957528096
500957528097
500957528098
500957528099
500957528104
500957528107
500957528108
500957528109
500957528112
500957528113
500957528116
500957528118
500957528120
500957528121
500957528125
500957528128
500957528131
500957528133
500957528137
500957528142
500957528143
500957528146
500957528150
500957528154
500957528163
500957528165
500957528166
500957528169
500957528179
500957528186
500957528199
500957528201
500957528206
500957528211
500957528213
500957528217
500957528229
500957528235
500957528238
500957528242
500957528248
500957528258
500957528262
500957528266
500957528272
500957528274
500957528277
500957528279
500957528312
500957528314
500957528317
500957528324
500957528328
500957528338
500957528343
500957528357
500957528359
500957528365
500957528367
500957528368
500957528385
500957528388
500957528413
500957528420
500957528422
500957528434
500957528441
500957528443
500957528446
500957528448
500957528456
500957528470
500957528477
500957528479
500957528481
500957528482
500957528491
500957528492
500957528514
500957528515
500957528518
500957528540
500957528541
500957528545
500957528551
500957528555
500957528571
500957528579
500957528581
500957528582
500957528586
500957528587
500957528592
500957528599
500957528608
500957528614
500957528634
500957528636
500957528640
500957528643
500957528650
500957528651
500957528672
500957528700
500957528714
500957528720
500957528727
500957528749
500957528750
500957528765
500957528770
500957528775
500957528779
500957528790
500957528795
500957528798
500957528802
500957528833
500957528838
500957528842
500957528847
500957528858
500957528861
500957528866
500957528870
500957528871
500957528876
500957528880
500957528884
500957528886
500957528899
500957528902
500957528903
500957528909
500957528911
500957528928
500957528933
500957528935
500957528936
500957528937
500957528941
500957528945
500957528950
500957528955
500957528964
500957528973
