500957637001
500957637005
500957637009
500957637010
500957637017
500957637095
500957637096
500957637140
500957637167
500957637169
500957637177
500957637186
500957637192
500957637219
500957637243
500957637250
500957637251
500957637271
500957637287
500957637296
500957637300
500957637303
500957637311
500957637313
500957637316
500957637319
500957637321
500957637325
500957637327
500957637329
500957637347
500957637358
500957637359
500957637380
500957637382
500957637391
500957637393
500957637395
500957637403
500957637405
500957637411
500957637414
500957637416
500957637442
500957637449
500957637450
500957637457
500957637473
500957637479
500957637482
500957637498
500957637506
500957637517
500957637532
500957637547
500957637551
500957637564
500957637565
500957637592
500957637595
500957637598
500957637604
500957637619
500957637629
500957637640
500957637644
500957637645
500957637649
500957637660
500957637669
500957637682
500957637686
500957637694
500957637703
500957637706
500957637709
500957637710
500957637715
500957637719
500957637720
500957637731
500957637784
500957637788
500957637795
500957637796
500957637797
500957637804
500957637808
500957637809
500957637816
500957637818
500957637826
500957637828
500957637831
500957637833
500957637850
500957637854
500957637882
500957637893
500957637896
500957637903
500957637920
500957637926
500957637928
500957637934
500957637939
500957637942
500957637951
500957637953
500957637955
500957637959
500957637961
500957637965
500957637968
500957637970
500957637980
500957637984
500957637988
500957637989
500957637992
500957637995
