500957769014
500957769015
500957769038
500957769049
500957769064
500957769066
500957769068
500957769071
500957769074
500957769088
500957769094
500957769115
500957769116
500957769131
500957769150
500957769151
500957769152
500957769157
500957769160
500957769168
500957769176
500957769179
500957769187
500957769192
500957769194
500957769200
500957769202
500957769210
500957769243
500957769245
500957769249
500957769259
500957769261
500957769286
500957769295
500957769302
500957769308
500957769310
500957769313
500957769324
500957769328
500957769340
500957769343
500957769348
500957769351
500957769352
500957769355
500957769356
500957769405
500957769425
500957769427
500957769429
500957769430
500957769432
500957769439
500957769442
500957769443
500957769455
500957769466
500957769472
500957769473
500957769474
500957769477
500957769482
500957769483
500957769491
500957769517
500957769784
500957769791
500957769799
500957769801
500957769804
500957769807
500957769815
500957769836
500957769848
500957769854
500957769857
500957769903
500957769911
500957769913
500957769915
500957769916
500957769924
500957769925
500957769926
500957769934
500957769943
500957769944
500957769947
500957769950
500957769961
500957769962
500957769971
500957769982
500957769991
500957769993
500957769999
