500957830052
500957830139
500957830145
500957830153
500957830154
500957830155
500957830162
500957830165
500957830166
500957830168
500957830169
500957830174
500957830178
500957830190
500957830197
500957830205
500957830213
500957830218
500957830224
500957830236
500957830237
500957830251
500957830254
500957830258
500957830265
500957830266
500957830271
500957830294
500957830301
500957830317
500957830319
500957830322
500957830325
500957830327
500957830333
500957830358
500957830370
500957830376
500957830380
500957830386
500957830393
500957830399
500957830402
500957830427
500957830430
500957830437
500957830462
500957830464
500957830474
500957830476
500957830484
500957830494
500957830501
500957830531
500957830535
500957830542
500957830554
500957830567
500957830569
500957830573
500957830582
500957830584
500957830593
500957830602
500957830604
500957830638
500957830639
500957830645
500957830648
500957830650
500957830661
500957830665
500957830675
500957830682
500957830685
500957830686
500957830696
500957830700
500957830719
500957830724
500957830726
500957830736
500957830738
500957830741
500957830754
500957830756
500957830763
500957830765
500957830770
500957830775
500957830784
500957830785
500957830788
500957830807
500957830814
500957830821
500957830826
500957830834
500957830842
500957830863
500957830918
500957830939
500957830958
500957830975
500957830978
500957830985
500957830986
500957830988
500957830994
