500957883017
500957883018
500957883027
500957883038
500957883042
500957883053
500957883055
500957883068
500957883073
500957883076
500957883092
500957883099
500957883102
500957883111
500957883113
500957883120
500957883122
500957883135
500957883149
500957883151
500957883153
500957883162
500957883165
500957883167
500957883181
500957883185
500957883189
500957883192
500957883194
500957883198
500957883219
500957883221
500957883223
500957883228
500957883230
500957883231
500957883243
500957883244
500957883245
500957883272
500957883301
500957883303
500957883311
500957883325
500957883330
500957883332
500957883333
500957883336
500957883346
500957883351
500957883353
500957883367
500957883374
500957883389
500957883397
500957883401
500957883402
500957883404
500957883406
500957883409
500957883417
500957883424
500957883431
500957883434
500957883440
500957883451
500957883456
500957883458
500957883481
500957883483
500957883496
500957883497
500957883499
500957883501
500957883504
500957883506
500957883525
500957883528
500957883543
500957883568
500957883569
500957883574
500957883577
500957883585
500957883586
500957883587
500957883591
500957883593
500957883597
500957883598
500957883600
500957883613
500957883624
500957883633
500957883639
500957883646
500957883740
500957883760
500957883763
500957883778
500957883783
500957883788
500957883790
500957883805
500957883817
500957883824
500957883826
500957883829
500957883831
500957883840
500957883842
500957883844
500957883866
500957883871
500957883874
500957883882
500957883884
500957883891
500957883919
500957883944
500957883952
500957883956
500957883959
500957883962
500957883964
500957883968
500957883972
500957883976
500957883986
500957883987
500957883988
