500876593111
500876593196
500876593208
500876593213
500876593332
500876593342
500876593348
500876593357
500876593372
500876593400
500876593417
500876593424
500876593432
500876593443
500876593448
500876593483
500876593495
500876593503
500876593518
500876593524
500876593537
500876593546
500876593560
500876593575
500876593593
500876593606
500876593617
500876593621
500876593634
500876593640
500876593649
500876593674
500876593682
500876593693
500876593703
500876593704
500876593718
500876593733
500876593743
500876593747
