501063901016
501063901052
501063901062
501063901096
501063901135
501063901161
501063901164
501063901167
501063901169
501063901173
501063901179
501063901186
501063901189
501063901193
501063901194
501063901196
501063901197
501063901198
501063901200
501063901201
501063901205
501063901207
501063901211
501063901214
501063901219
501063901225
501063901228
501063901230
501063901232
501063901234
501063901236
501063901237
501063901239
501063901240
501063901243
501063901245
501063901251
501063901254
501063901256
501063901261
501063901263
501063901266
501063901268
501063901270
501063901273
501063901277
501063901279
501063901281
501063901286
501063901288
501063901290
501063901292
501063901294
501063901296
501063901298
501063901300
501063901301
501063901302
501063901303
501063901305
501063901307
501063901309
501063901311
501063901313
501063901315
501063901317
501063901319
501063901321
501063901323
501063901324
501063901326
501063901328
501063901330
501063901332
501063901334
501063901336
501063901339
501063901342
501063901345
501063901347
501063901348
501063901349
501063901351
501063901352
501063901354
501063901356
501063901358
501063901360
501063901363
501063901365
501063901367
501063901369
501063901371
501063901373
501063901375
501063901498
501063901639
501063901655
501063901707
501063901907
501063901933
501063901991
