501110032012
501110032056
501110032114
501110032187
501110032208
501110032221
501110032242
501110032261
501110032312
501110032313
501110032315
501110032321
501110032326
501110032328
501110032329
501110032330
501110032333
501110032334
501110032342
501110032346
501110032354
501110032373
501110032454
501110032455
501110032487
501110032501
501110032502
501110032540
501110032562
501110032609
501110032676
501110032688
501110032707
501110032727
501110032742
501110032752
501110032773
501110032777
501110032789
501110032819
501110032841
501110032871
501110032987
501110032989
501110032990
