501110107037
501110107055
501110107084
501110107085
501110107106
501110107107
501110107109
501110107121
501110107123
501110107126
501110107165
501110107215
501110107274
501110107380
501110107449
501110107514
501110107518
501110107535
501110107578
501110107601
501110107616
501110107626
501110107640
501110107668
501110107676
501110107688
501110107730
501110107779
501110107806
501110107820
501110107831
501110107840
501110107856
501110107859
501110107871
501110107875
501110107876
501110107877
501110107879
501110107885
501110107886
501110107887
501110107888
501110107893
501110107896
501110107937
501110107944
501110107972
