501110110026
501110110082
501110110083
501110110094
501110110095
501110110227
501110110230
501110110249
501110110251
501110110341
501110110378
501110110379
501110110380
501110110382
501110110383
501110110403
501110110416
501110110422
501110110438
501110110478
501110110487
501110110633
501110110653
501110110678
501110110704
501110110759
501110110760
501110110761
501110110762
501110110772
501110110807
501110110809
501110110810
501110110811
501110110812
501110110857
501110110862
501110110909
501110110910
501110110937
501110110938
501110110954
501110110955
501110110958
501110110992
501110110993
501110110994
