501110747000
501110747060
501110747099
501110747161
501110747188
501110747219
501110747266
501110747267
501110747323
501110747330
501110747343
501110747357
501110747359
501110747361
501110747363
501110747365
501110747369
501110747372
501110747374
501110747377
501110747380
501110747383
501110747427
501110747435
501110747438
501110747441
501110747445
501110747448
501110747477
501110747481
501110747483
501110747485
501110747488
501110747491
501110747495
501110747498
501110747500
501110747503
501110747506
501110747508
501110747510
501110747513
501110747515
501110747553
501110747555
501110747557
501110747559
501110747600
501110747601
501110747602
501110747604
501110747605
501110747606
501110747607
501110747608
501110747609
501110747610
501110747615
501110747620
501110747621
501110747699
501110747700
501110747701
501110747703
501110747704
501110747706
501110747708
501110747716
501110747718
501110747733
501110747734
501110747788
501110747790
501110747793
501110747795
501110747797
501110747817
501110747826
501110747830
501110747834
501110747839
501110747846
501110747854
501110747941
501110747943
501110747945
501110747948
501110747950
501110747953
501110747955
501110747957
501110747959
