500994244022
500994244025
500994244040
500994244072
500994244076
500994244094
500994244105
500994244122
500994244133
500994244146
500994244183
500994244280
500994244294
500994244302
500994244313
500994244318
500994244325
500994244349
500994244361
500994244410
500994244422
500994244427
500994244452
500994244455
500994244459
500994244514
500994244525
500994244529
500994244537
500994244562
500994244568
500994244569
500994244598
500994244608
500994244655
500994244660
500994244673
500994244690
500994244705
500994244711
500994244713
500994244717
500994244801
500994244846
500994244878
