500994408023
500994408043
500994408058
500994408091
500994408094
500994408131
500994408135
500994408173
500994408231
500994408237
500994408244
500994408246
500994408253
500994408315
500994408335
500994408337
500994408338
500994408340
500994408353
500994408403
500994408411
500994408429
500994408442
500994408469
500994408513
500994408533
500994408557
500994408565
500994408574
500994408601
500994408643
500994408645
500994408651
500994408680
500994408702
500994408775
500994408784
500994408811
500994408821
500994408836
500994408841
500994408914
500994408921
500994408955
500994408980
500994408985
500994408998
