500994547016
500994547020
500994547037
500994547044
500994547105
500994547107
500994547126
500994547135
500994547144
500994547171
500994547189
500994547201
500994547206
500994547213
500994547221
500994547322
500994547332
500994547334
500994547337
500994547339
500994547344
500994547391
500994547418
500994547455
500994547526
500994547536
500994547592
500994547620
500994547622
500994547626
500994547636
500994547639
500994547651
500994547652
500994547659
500994547668
500994547673
500994547678
500994547687
500994547689
500994547699
500994547745
500994547774
500994547802
500994547824
500994547859
500994547895
500994547896
500994547899
500994547915
500994547959
500994547979
