500994598010
500994598018
500994598020
500994598025
500994598051
500994598059
500994598083
500994598085
500994598089
500994598095
500994598104
500994598124
500994598134
500994598138
500994598144
500994598145
500994598160
500994598162
500994598171
500994598172
500994598191
500994598214
500994598229
500994598232
500994598234
500994598237
500994598248
500994598249
500994598250
500994598251
500994598253
500994598283
500994598286
500994598293
500994598295
500994598297
500994598305
500994598311
500994598313
500994598318
500994598326
500994598336
500994598338
500994598341
500994598347
500994598350
500994598354
500994598355
500994598359
500994598372
500994598420
500994598427
500994598458
500994598470
500994598487
500994598500
500994598515
500994598535
500994598537
500994598552
500994598559
500994598581
500994598591
500994598597
500994598635
500994598657
500994598661
500994598701
500994598717
500994598719
500994598720
500994598733
500994598748
500994598752
500994598754
500994598755
500994598756
500994598757
500994598759
500994598760
500994598761
500994598763
500994598765
500994598776
500994598779
500994598866
500994598870
500994598875
500994598876
500994598877
500994598878
500994598879
500994598882
500994598899
500994598902
500994598917
500994598949
500994598999
