500994699002
500994699005
500994699019
500994699036
500994699037
500994699078
500994699152
500994699196
500994699229
500994699272
500994699286
500994699290
500994699291
500994699308
500994699343
500994699345
500994699348
500994699402
500994699405
500994699416
500994699427
500994699434
500994699437
500994699449
500994699495
500994699544
500994699545
500994699558
500994699562
500994699567
500994699569
500994699571
500994699575
500994699578
500994699600
500994699631
500994699661
500994699667
500994699671
500994699721
500994699744
500994699777
500994699781
500994699824
500994699838
500994699843
500994699858
500994699866
500994699898
500994699905
500994699907
500994699908
500994699910
500994699916
500994699920
500994699933
