500994740010
500994740028
500994740033
500994740035
500994740045
500994740057
500994740081
500994740086
500994740094
500994740106
500994740114
500994740116
500994740131
500994740133
500994740146
500994740155
500994740174
500994740190
500994740221
500994740246
500994740257
500994740259
500994740273
500994740282
500994740291
500994740304
500994740306
500994740314
500994740320
500994740325
500994740335
500994740363
500994740369
500994740377
500994740396
500994740410
500994740431
500994740436
500994740437
500994740441
500994740445
500994740456
500994740465
500994740469
500994740495
500994740498
500994740504
500994740508
500994740512
500994740517
500994740525
500994740542
500994740567
500994740586
500994740590
500994740596
500994740617
500994740623
500994740625
500994740641
500994740646
500994740675
500994740707
500994740735
500994740737
500994740762
500994740764
500994740767
500994740885
500994740888
500994740902
500994740936
500994740955
500994740997
