501108025013
501108025114
501108025116
501108025117
501108025119
501108025120
501108025121
501108025123
501108025124
501108025125
501108025127
501108025129
501108025130
501108025131
501108025133
501108025134
501108025135
501108025136
501108025137
501108025200
501108025380
501108025384
501108025385
501108025386
501108025388
501108025389
501108025390
501108025391
501108025394
501108025404
501108025498
501108025502
501108025616
501108025648
501108025649
501108025691
501108025773
501108025864
501108025872
501108025874
501108025883
501108025884
501108025889
501108025892
501108025899
501108025901
501108025902
501108025903
501108025906
501108025907
501108025909
501108025910
501108025911
501108025912
501108025913
501108025918
501108025920
501108025922
501108025923
501108025928
501108025929
501108025945
501108025946
