501108845001
501108845008
501108845012
501108845025
501108845041
501108845059
501108845062
501108845085
501108845090
501108845106
501108845110
501108845150
501108845157
501108845163
501108845165
501108845181
501108845182
501108845189
501108845206
501108845221
501108845241
501108845246
501108845337
501108845501
501108845521
501108845540
501108845580
501108845585
501108845611
501108845634
501108845658
501108845664
501108845666
501108845706
501108845718
501108845735
501108845736
501108845737
501108845751
501108845768
501108845769
501108845770
501108845819
501108845820
501108845825
501108845828
501108845829
501108845831
501108845832
501108845835
501108845837
501108845862
501108845868
501108845871
501108845886
501108845888
501108845889
501108845895
501108845902
501108845910
501108845948
501108845970
501108845981
501108845982
