501108889013
501108889019
501108889062
501108889075
501108889080
501108889195
501108889219
501108889263
501108889333
501108889377
501108889408
501108889426
501108889453
501108889488
501108889503
501108889505
501108889548
501108889559
501108889561
501108889563
501108889580
501108889598
501108889599
501108889600
501108889601
501108889602
501108889603
501108889604
501108889605
501108889606
501108889607
501108889608
501108889609
501108889610
501108889611
501108889612
501108889613
501108889614
501108889618
501108889619
501108889620
501108889621
501108889674
501108889690
501108889694
501108889702
501108889740
501108889762
501108889765
501108889766
501108889772
501108889773
501108889774
501108889799
501108889825
501108889843
501108889844
501108889883
501108889978
501108889984
501108889986
