501108921007
501108921059
501108921076
501108921101
501108921142
501108921151
501108921225
501108921247
501108921299
501108921409
501108921417
501108921461
501108921493
501108921527
501108921528
501108921649
501108921703
501108921719
501108921720
501108921734
501108921739
501108921740
501108921786
501108921791
501108921802
501108921810
501108921834
501108921845
501108921847
501108921848
501108921854
501108921858
501108921862
501108921863
501108921865
501108921867
501108921872
501108921873
501108921874
501108921875
501108921876
501108921878
501108921879
501108921881
501108921883
501108921885
501108921886
501108921887
501108921888
501108921891
501108921892
501108921911
501108921952
501108921955
501108921959
501108921966
501108921976
501108921986
