500000036000
500000036008
500000036022
500000036025
500000036037
500000036052
500000036058
500000036070
500000036071
500000036084
500000036099
500000036151
500000036166
500000036177
500000036182
500000036187
500000036203
500000036211
500000036225
500000036232
500000036237
500000036240
500000036241
500000036245
500000036247
500000036263
500000036298
500000036305
500000036308
500000036320
500000036334
500000036345
500000036362
500000036402
500000036413
500000036419
500000036423
500000036429
500000036436
500000036440
500000036443
500000036464
500000036467
500000036470
500000036480
500000036495
500000036500
500000036548
500000036555
500000036598
500000036676
500000036677
500000036691
500000036693
500000036714
500000036733
500000036752
500000036764
500000036767
500000036786
500000036792
500000036814
500000036815
500000036817
500000036820
500000036821
500000036828
500000036844
500000036850
500000036875
500000036880
500000036921
500000036928
500000036935
500000036936
500000036978
500000036997
