500000264004
500000264020
500000264026
500000264037
500000264039
500000264058
500000264062
500000264070
500000264072
500000264078
500000264084
500000264087
500000264113
500000264137
500000264157
500000264164
500000264179
500000264198
500000264220
500000264238
500000264257
500000264279
500000264295
500000264326
500000264349
500000264351
500000264377
500000264380
500000264386
500000264388
500000264430
500000264432
500000264435
500000264437
500000264442
500000264462
500000264466
500000264485
500000264487
500000264503
500000264509
500000264511
500000264524
500000264542
500000264606
500000264620
500000264633
500000264651
500000264657
500000264658
500000264664
500000264676
500000264691
500000264725
500000264736
500000264760
500000264789
500000264791
500000264793
500000264796
500000264798
500000264800
500000264830
500000264856
500000264866
500000264868
500000264909
500000264922
500000264933
500000264936
500000264937
500000264941
500000264949
500000264968
500000264982
