500000406009
500000406024
500000406035
500000406039
500000406045
500000406055
500000406097
500000406105
500000406133
500000406173
500000406185
500000406190
500000406234
500000406241
500000406259
500000406261
500000406287
500000406294
500000406313
500000406346
500000406366
500000406368
500000406373
500000406375
500000406398
500000406406
500000406418
500000406419
500000406431
500000406472
500000406520
500000406559
500000406568
500000406622
500000406629
500000406643
500000406713
500000406724
500000406732
500000406741
500000406760
500000406762
500000406766
500000406775
500000406842
500000406852
500000406870
500000406907
500000406944
500000406960
500000406962
