500000855003
500000855095
500000855112
500000855116
500000855163
500000855195
500000855205
500000855219
500000855235
500000855240
500000855262
500000855280
500000855284
500000855288
500000855297
500000855314
500000855318
500000855320
500000855361
500000855455
500000855471
500000855489
500000855516
500000855526
500000855535
500000855573
500000855590
500000855604
500000855632
500000855660
500000855665
500000855669
500000855670
500000855694
500000855716
500000855744
500000855746
500000855764
500000855783
500000855785
500000855790
500000855795
500000855797
500000855798
500000855802
500000855806
500000855808
500000855809
500000855816
500000855852
500000855857
500000855875
500000855914
500000855915
500000855927
500000855951
500000855985
