500903221130
500903221133
500903221135
500903221268
500903221269
500903221347
500903221381
500903221383
500903221420
500903221431
500903221450
500903221458
500903221465
500903221469
500903221473
500903221487
500903221494
500903221509
500903221511
500903221514
500903221515
500903221517
500903221518
500903221519
500903221520
500903221521
500903221523
500903221524
500903221525
500903221527
500903221530
500903221532
500903221534
500903221536
500903221537
500903221540
500903221546
500903221548
500903221549
500903221550
500903221554
500903221555
500903221556
500903221557
500903221558
500903221559
500903221562
500903221567
500903221568
500903221570
500903221571
500903221572
500903221573
500903221575
500903221641
500903221670
500903221686
500903221733
500903221771
500903221802
500903221888
500903221893
500903221976
500903221979
