501115679073
501115679080
501115679103
501115679118
501115679187
501115679203
501115679224
501115679261
501115679275
501115679284
501115679292
501115679297
501115679302
501115679311
501115679320
501115679325
501115679330
501115679338
501115679344
501115679347
501115679352
501115679357
501115679363
501115679368
501115679374
501115679379
501115679399
501115679460
501115679461
501115679462
501115679476
501115679496
501115679509
501115679528
501115679533
501115679549
501115679586
501115679652
501115679694
501115679700
501115679730
501115679842
501115679905
501115679950
