500953072000
500953072006
500953072029
500953072031
500953072034
500953072038
500953072039
500953072041
500953072045
500953072061
500953072064
500953072068
500953072077
500953072084
500953072101
500953072139
500953072239
500953072259
500953072267
500953072269
500953072281
500953072283
500953072289
500953072294
500953072297
500953072305
500953072310
500953072314
500953072317
500953072319
500953072321
500953072328
500953072333
500953072342
500953072344
500953072345
500953072348
500953072352
500953072353
500953072357
500953072367
500953072374
500953072394
500953072395
500953072397
500953072402
500953072412
500953072433
500953072436
500953072444
500953072448
500953072450
500953072456
500953072459
500953072463
500953072467
500953072471
500953072474
500953072492
500953072501
500953072509
500953072513
500953072521
500953072525
500953072533
500953072537
500953072541
500953072545
500953072551
500953072565
500953072568
500953072571
500953072584
500953072585
500953072591
500953072595
500953072597
500953072599
500953072621
500953072623
500953072624
500953072628
500953072630
500953072637
500953072639
500953072642
500953072657
500953072661
500953072664
500953072670
500953072672
500953072673
500953072675
500953072678
500953072680
500953072682
500953072684
500953072687
500953072689
500953072691
500953072692
500953072695
500953072696
500953072705
500953072729
500953072743
500953072752
500953072756
500953072759
500953072760
500953072763
500953072772
500953072782
500953072791
500953072793
500953072796
500953072797
500953072804
500953072810
500953072818
500953072821
500953072829
500953072846
500953072852
500953072853
500953072862
500953072865
500953072868
500953072870
500953072873
500953072879
500953072881
500953072884
500953072894
500953072899
500953072902
500953072907
500953072910
500953072912
500953072913
500953072919
500953072927
500953072934
500953072939
500953072942
500953072943
500953072951
500953072985
