501019018035
501019018151
501019018156
501019018163
501019018165
501019018179
501019018182
501019018185
501019018190
501019018198
501019018201
501019018206
501019018208
501019018220
501019018227
501019018248
501019018264
501019018272
501019018300
501019018304
501019018309
501019018311
501019018337
501019018342
501019018353
501019018374
501019018391
501019018403
501019018422
501019018437
501019018440
501019018443
501019018446
501019018469
501019018479
501019018481
501019018518
501019018523
501019018525
501019018527
501019018530
501019018571
501019018579
501019018589
501019018596
501019018598
501019018599
501019018641
501019018652
501019018673
501019018678
501019018703
501019018753
501019018767
501019018863
501019018885
501019018917
501019018984
501019018997
