501019112000
501019112033
501019112041
501019112078
501019112084
501019112090
501019112094
501019112096
501019112131
501019112136
501019112145
501019112159
501019112166
501019112169
501019112172
501019112189
501019112192
501019112199
501019112227
501019112228
501019112262
501019112269
501019112283
501019112288
501019112298
501019112300
501019112301
501019112311
501019112337
501019112416
501019112451
501019112473
501019112489
501019112491
501019112503
501019112505
501019112519
501019112523
501019112536
501019112557
501019112564
501019112576
501019112580
501019112582
501019112629
501019112681
501019112686
501019112698
501019112700
501019112703
501019112715
501019112717
501019112721
501019112727
501019112729
501019112747
501019112755
501019112793
501019112799
501019112818
501019112827
501019112836
501019112851
501019112857
501019112864
501019112868
501019112871
501019112872
501019112893
501019112898
501019112911
501019112919
501019112932
501019112951
501019112954
