501019141020
501019141023
501019141032
501019141036
501019141037
501019141091
501019141112
501019141120
501019141122
501019141125
501019141135
501019141148
501019141150
501019141151
501019141153
501019141154
501019141155
501019141164
501019141192
501019141196
501019141198
501019141203
501019141211
501019141220
501019141251
501019141260
501019141266
501019141273
501019141279
501019141281
501019141284
501019141325
501019141328
501019141341
501019141350
501019141352
501019141355
501019141376
501019141386
501019141418
501019141422
501019141427
501019141436
501019141437
501019141440
501019141484
501019141486
501019141520
501019141523
501019141536
501019141540
501019141573
501019141596
501019141612
501019141613
501019141651
501019141671
501019141707
501019141712
501019141728
501019141730
501019141732
501019141736
501019141750
501019141752
501019141793
501019141794
501019141814
501019141818
501019141850
501019141869
501019141879
501019141881
501019141884
501019141903
501019141905
501019141907
501019141912
501019141914
501019141926
501019141969
501019141979
501019141998
