501019318019
501019318028
501019318030
501019318034
501019318038
501019318041
501019318092
501019318097
501019318100
501019318104
501019318114
501019318143
501019318157
501019318158
501019318174
501019318209
501019318211
501019318238
501019318266
501019318274
501019318277
501019318291
501019318294
501019318318
501019318320
501019318323
501019318325
501019318352
501019318353
501019318361
501019318366
501019318369
501019318373
501019318418
501019318422
501019318429
501019318437
501019318444
501019318447
501019318449
501019318454
501019318458
501019318461
501019318474
501019318481
501019318486
501019318495
501019318509
501019318552
501019318557
501019318565
501019318590
501019318598
501019318654
501019318656
501019318679
501019318681
501019318683
501019318684
501019318699
501019318721
501019318727
501019318738
501019318739
501019318760
501019318801
501019318805
501019318812
501019318824
501019318837
501019318847
501019318854
501019318860
501019318869
501019318881
501019318889
501019318895
501019318899
501019318900
501019318907
501019318980
