501019495017
501019495030
501019495077
501019495081
501019495087
501019495093
501019495095
501019495132
501019495155
501019495156
501019495159
501019495238
501019495246
501019495277
501019495296
501019495300
501019495308
501019495380
501019495383
501019495392
501019495393
501019495394
501019495399
501019495419
501019495420
501019495421
501019495425
501019495436
501019495438
501019495439
501019495440
501019495466
501019495470
501019495477
501019495506
501019495507
501019495512
501019495516
501019495542
501019495548
501019495558
501019495574
501019495583
501019495607
501019495621
501019495700
501019495702
501019495722
501019495739
501019495741
501019495752
501019495756
501019495761
501019495763
501019495769
501019495776
501019495785
501019495845
501019495862
501019495869
501019495874
501019495895
501019495947
501019495948
501019495963
501019495964
501019495981
501019495998
