501019801004
501019801007
501019801032
501019801036
501019801042
501019801046
501019801055
501019801080
501019801081
501019801085
501019801097
501019801127
501019801151
501019801152
501019801160
501019801162
501019801171
501019801175
501019801176
501019801183
501019801192
501019801194
501019801215
501019801345
501019801362
501019801374
501019801397
501019801403
501019801408
501019801415
501019801425
501019801433
501019801453
501019801495
501019801497
501019801514
501019801519
501019801525
501019801565
501019801568
501019801571
501019801585
501019801590
501019801600
501019801616
501019801625
501019801648
501019801662
501019801676
501019801677
501019801682
501019801683
501019801693
501019801697
501019801707
501019801708
501019801740
501019801742
501019801743
501019801755
501019801765
501019801766
501019801769
501019801778
501019801780
501019801782
501019801797
501019801808
501019801812
501019801814
501019801825
501019801826
501019801829
501019801868
501019801874
501019801881
501019801930
501019801948
501019801979
501019801997
