501019904011
501019904013
501019904036
501019904094
501019904102
501019904106
501019904112
501019904116
501019904130
501019904132
501019904135
501019904136
501019904162
501019904171
501019904174
501019904191
501019904218
501019904220
501019904229
501019904242
501019904247
501019904255
501019904266
501019904285
501019904289
501019904293
501019904297
501019904301
501019904303
501019904310
501019904311
501019904316
501019904318
501019904322
501019904325
501019904326
501019904329
501019904331
501019904334
501019904335
501019904387
501019904391
501019904438
501019904441
501019904469
501019904495
501019904501
501019904503
501019904508
501019904542
501019904549
501019904557
501019904564
501019904601
501019904603
501019904667
501019904686
501019904718
501019904720
501019904733
501019904775
501019904787
501019904796
501019904799
501019904802
501019904806
501019904823
501019904847
501019904925
501019904932
501019904945
501019904948
