501019994003
501019994037
501019994048
501019994053
501019994056
501019994063
501019994066
501019994073
501019994076
501019994095
501019994119
501019994123
501019994138
501019994140
501019994144
501019994155
501019994161
501019994165
501019994219
501019994235
501019994299
501019994305
501019994310
501019994315
501019994337
501019994339
501019994341
501019994349
501019994374
501019994387
501019994394
501019994400
501019994402
501019994417
501019994436
501019994438
501019994441
501019994449
501019994450
501019994455
501019994466
501019994480
501019994484
501019994486
501019994488
501019994492
501019994506
501019994511
501019994521
501019994523
501019994540
501019994556
501019994562
501019994566
501019994569
501019994571
501019994572
501019994592
501019994619
501019994623
501019994641
501019994651
501019994676
501019994678
501019994763
501019994768
501019994785
501019994827
501019994862
501019994872
501019994884
501019994938
501019994939
501019994940
501019994975
501019994979
501019994983
