500958098004
500958098016
500958098027
500958098050
500958098058
500958098061
500958098065
500958098084
500958098092
500958098096
500958098108
500958098113
500958098122
500958098136
500958098161
500958098179
500958098206
500958098226
500958098227
500958098230
500958098250
500958098259
500958098268
500958098271
500958098274
500958098277
500958098279
500958098283
500958098289
500958098300
500958098312
500958098315
500958098323
500958098325
500958098327
500958098329
500958098334
500958098336
500958098339
500958098347
500958098349
500958098353
500958098355
500958098361
500958098369
500958098378
500958098380
500958098384
500958098385
500958098389
500958098390
500958098394
500958098396
500958098406
500958098410
500958098412
500958098414
500958098416
500958098420
500958098422
500958098425
500958098434
500958098437
500958098438
500958098445
500958098455
500958098467
500958098469
500958098482
500958098494
500958098501
500958098506
500958098507
500958098533
500958098555
500958098558
500958098574
500958098590
500958098600
500958098614
500958098617
500958098620
500958098644
500958098651
500958098653
500958098672
500958098675
500958098733
500958098735
500958098740
500958098741
500958098744
500958098745
500958098747
500958098748
500958098750
500958098751
500958098752
500958098774
500958098782
500958098790
500958098793
500958098798
500958098832
500958098833
500958098838
500958098845
500958098849
500958098861
500958098863
500958098866
500958098907
500958098925
500958098927
500958098939
500958098943
500958098955
500958098960
500958098964
500958098966
500958098974
500958098980
500958098990
500958098992
