500958171014
500958171023
500958171025
500958171038
500958171040
500958171041
500958171058
500958171060
500958171082
500958171083
500958171089
500958171090
500958171094
500958171095
500958171110
500958171112
500958171119
500958171127
500958171134
500958171137
500958171140
500958171143
500958171147
500958171158
500958171174
500958171179
500958171181
500958171182
500958171183
500958171187
500958171199
500958171204
500958171216
500958171220
500958171233
500958171235
500958171254
500958171270
500958171276
500958171278
500958171310
500958171334
500958171336
500958171374
500958171411
500958171414
500958171423
500958171428
500958171444
500958171449
500958171458
500958171464
500958171472
500958171476
500958171482
500958171499
500958171504
500958171505
500958171514
500958171516
500958171526
500958171533
500958171559
500958171566
500958171571
500958171581
500958171610
500958171614
500958171616
500958171618
500958171622
500958171624
500958171626
500958171629
500958171638
500958171641
500958171648
500958171649
500958171650
500958171662
500958171664
500958171675
500958171677
500958171679
500958171682
500958171685
500958171687
500958171697
500958171704
500958171705
500958171706
500958171710
500958171746
500958171749
500958171753
500958171768
500958171771
500958171772
500958171775
500958171793
500958171798
500958171806
500958171808
500958171810
500958171813
500958171817
500958171844
500958171845
500958171848
500958171856
500958171865
500958171867
500958171870
500958171876
500958171883
500958171887
500958171896
500958171901
500958171907
500958171909
500958171923
500958171927
500958171944
500958171949
500958171952
500958171963
500958171965
500958171970
500958171971
500958171991
