500958207000
500958207002
500958207004
500958207005
500958207011
500958207012
500958207014
500958207031
500958207038
500958207043
500958207045
500958207046
500958207058
500958207060
500958207062
500958207068
500958207086
500958207132
500958207167
500958207182
500958207185
500958207192
500958207194
500958207203
500958207206
500958207212
500958207222
500958207231
500958207289
500958207305
500958207310
500958207312
500958207831
500958207847
500958207880
500958207889
500958207899
500958207901
500958207904
500958207930
500958207932
500958207936
500958207939
500958207951
500958207957
500958207987
500958207988
500958207989
500958207992
