500958362004
500958362038
500958362051
500958362055
500958362057
500958362071
500958362074
500958362075
500958362078
500958362087
500958362098
500958362099
500958362101
500958362119
500958362126
500958362127
500958362130
500958362134
500958362161
500958362167
500958362178
500958362179
500958362188
500958362219
500958362222
500958362226
500958362239
500958362243
500958362251
500958362272
500958362276
500958362277
500958362289
500958362291
500958362313
500958362314
500958362320
500958362323
500958362325
500958362345
500958362354
500958362358
500958362366
500958362372
500958362380
500958362381
500958362425
500958362443
500958362453
500958362457
500958362462
500958362469
500958362483
500958362491
500958362497
500958362499
500958362504
500958362523
500958362544
500958362548
500958362553
500958362589
500958362590
500958362593
500958362594
500958362613
500958362623
500958362628
500958362630
500958362632
500958362634
500958362638
500958362639
500958362640
500958362642
500958362643
500958362647
500958362658
500958362661
500958362672
500958362684
500958362686
500958362693
500958362702
500958362711
500958362738
500958362740
500958362743
500958362754
500958362755
500958362757
500958362762
500958362808
500958362809
500958362816
500958362818
500958362826
500958362831
500958362835
500958362837
500958362840
500958362846
500958362847
500958362850
500958362863
500958362887
500958362902
500958362912
500958362920
500958362923
500958362931
500958362937
500958362943
500958362950
500958362962
500958362964
500958362968
500958362971
500958362974
500958362975
500958362978
500958362983
500958362993
500958362994
500958362996
