500958561004
500958561006
500958561008
500958561009
500958561013
500958561028
500958561029
500958561030
500958561033
500958561035
500958561083
500958561087
500958561098
500958561100
500958561102
500958561109
500958561119
500958561146
500958561164
500958561166
500958561172
500958561187
500958561188
500958561194
500958561197
500958561206
500958561214
500958561215
500958561225
500958561235
500958561239
500958561243
500958561247
500958561250
500958561252
500958561258
500958561259
500958561260
500958561264
500958561278
500958561287
500958561298
500958561310
500958561312
500958561318
500958561333
500958561336
500958561437
500958561444
500958561446
500958561447
500958561448
500958561450
500958561460
500958561468
500958561475
500958561503
500958561506
500958561507
500958561508
500958561511
500958561516
500958561526
500958561531
500958561555
500958561584
500958561590
500958561591
500958561593
500958561595
500958561615
500958561616
500958561623
500958561625
500958561637
500958561639
500958561646
500958561659
500958561662
500958561666
500958561697
500958561701
500958561721
500958561734
500958561740
500958561741
500958561743
500958561746
500958561749
500958561758
500958561767
500958561773
500958561774
500958561778
500958561781
500958561787
500958561796
500958561799
500958561801
500958561803
500958561805
500958561807
500958561814
