500958613002
500958613005
500958613007
500958613018
500958613024
500958613032
500958613036
500958613038
500958613040
500958613042
500958613046
500958613049
500958613067
500958613072
500958613107
500958613108
500958613111
500958613114
500958613115
500958613119
500958613125
500958613126
500958613128
500958613132
500958613134
500958613136
500958613158
500958613183
500958613189
500958613192
500958613194
500958613198
500958613200
500958613202
500958613205
500958613216
500958613233
500958613241
500958613248
500958613250
500958613252
500958613254
500958613256
500958613261
500958613263
500958613270
500958613281
500958613299
500958613304
500958613309
500958613311
500958613319
500958613320
500958613323
500958613361
500958613365
500958613367
500958613381
500958613389
500958613392
500958613395
500958613398
500958613415
500958613424
500958613425
500958613429
500958613474
500958613486
500958613490
500958613492
500958613494
500958613504
500958613506
500958613512
500958613514
500958613520
500958613521
500958613522
500958613525
500958613531
500958613538
500958613558
500958613564
500958613568
500958613570
500958613578
500958613579
500958613585
500958613594
500958613598
500958613603
500958613613
500958613614
500958613635
500958613646
500958613656
500958613669
500958613689
500958613718
500958613723
500958613740
500958613747
500958613750
500958613764
500958613766
500958613771
500958613785
500958613801
500958613802
500958613809
500958613812
