500958951335
500958951363
500958951370
500958951372
500958951378
500958951433
500958951490
500958951494
500958951498
500958951546
500958951567
500958951577
500958951580
500958951592
500958951597
500958951600
500958951612
500958951621
500958951649
500958951650
500958951661
500958951664
500958951666
500958951679
500958951682
500958951691
500958951700
500958951701
500958951705
500958951717
500958951719
500958951773
500958951801
500958951806
500958951809
500958951828
500958951860
500958951870
500958951882
500958951883
500958951886
500958951901
500958951904
500958951907
500958951916
500958951933
500958951938
500958951955
500958951956
500958951957
500958951958
500958951960
500958951962
500958951970
500958951995
