500001122006
500001122044
500001122051
500001122077
500001122078
500001122090
500001122115
500001122123
500001122124
500001122129
500001122131
500001122157
500001122158
500001122164
500001122188
500001122189
500001122190
500001122202
500001122208
500001122214
500001122218
500001122238
500001122241
500001122247
500001122258
500001122268
500001122300
500001122330
500001122371
500001122383
500001122387
500001122397
500001122412
500001122415
500001122423
500001122429
500001122437
500001122445
500001122446
500001122474
500001122504
500001122541
500001122544
500001122546
500001122594
500001122604
500001122617
500001122619
500001122627
500001122631
500001122642
500001122659
500001122660
500001122663
500001122669
500001122681
500001122690
500001122697
500001122698
500001122704
500001122707
500001122711
500001122729
500001122732
500001122742
500001122746
500001122747
500001122763
500001122764
500001122767
500001122781
500001122794
500001122801
500001122812
500001122832
500001122837
500001122839
500001122852
500001122860
500001122880
500001122884
500001122905
500001122935
500001122944
500001122978
500001122983
500001122994
