500001178012
500001178045
500001178070
500001178079
500001178138
500001178155
500001178181
500001178188
500001178198
500001178200
500001178218
500001178222
500001178223
500001178232
500001178240
500001178241
500001178257
500001178258
500001178264
500001178276
500001178283
500001178284
500001178290
500001178291
500001178296
500001178303
500001178322
500001178325
500001178326
500001178329
500001178333
500001178341
500001178356
500001178359
500001178364
500001178407
500001178413
500001178420
500001178435
500001178440
500001178468
500001178476
500001178479
500001178503
500001178520
500001178546
500001178551
500001178560
500001178574
500001178592
500001178650
500001178662
500001178668
500001178694
500001178711
500001178713
500001178740
500001178747
500001178750
500001178787
500001178815
500001178816
500001178842
500001178846
500001178861
500001178869
500001178885
500001178888
500001178892
500001178903
500001178943
500001178944
500001178951
500001178960
500001178967
500001178983
500001178987
