500001185000
500001185032
500001185033
500001185056
500001185069
500001185082
500001185084
500001185123
500001185159
500001185184
500001185199
500001185202
500001185214
500001185222
500001185249
500001185266
500001185269
500001185293
500001185294
500001185304
500001185323
500001185333
500001185343
500001185346
500001185349
500001185365
500001185373
500001185393
500001185403
500001185419
500001185438
500001185454
500001185455
500001185475
500001185497
500001185504
500001185516
500001185522
500001185560
500001185563
500001185587
500001185625
500001185626
500001185630
500001185637
500001185647
500001185654
500001185683
500001185684
500001185685
500001185686
500001185688
500001185701
500001185737
500001185747
500001185750
500001185754
500001185757
500001185773
500001185781
500001185790
500001185802
500001185818
500001185820
500001185821
500001185850
500001185876
500001185894
500001185895
500001185908
500001185930
500001185959
500001185983
500001185985
500001185988
500001185995
