500001294044
500001294059
500001294078
500001294095
500001294096
500001294102
500001294151
500001294153
500001294233
500001294237
500001294238
500001294255
500001294270
500001294290
500001294296
500001294328
500001294342
500001294371
500001294381
500001294421
500001294424
500001294439
500001294446
500001294455
500001294462
500001294468
500001294476
500001294480
500001294517
500001294525
500001294543
500001294545
500001294562
500001294577
500001294590
500001294601
500001294615
500001294651
500001294659
500001294666
500001294687
500001294702
500001294722
500001294752
500001294775
500001294802
500001294827
500001294834
500001294865
500001294875
500001294885
500001294915
500001294917
500001294943
500001294946
500001294968
