500001448000
500001448036
500001448069
500001448098
500001448125
500001448146
500001448158
500001448162
500001448163
500001448197
500001448247
500001448265
500001448275
500001448279
500001448288
500001448309
500001448358
500001448383
500001448409
500001448415
500001448451
500001448481
500001448517
500001448534
500001448537
500001448542
500001448556
500001448581
500001448583
500001448622
500001448640
500001448651
500001448671
500001448683
500001448691
500001448710
500001448745
500001448765
500001448817
500001448823
500001448835
500001448839
500001448876
500001448883
500001448893
500001448901
500001448935
500001448972
500001448995
