500001533039
500001533040
500001533061
500001533080
500001533098
500001533106
500001533117
500001533121
500001533130
500001533135
500001533165
500001533179
500001533198
500001533201
500001533220
500001533232
500001533233
500001533239
500001533241
500001533247
500001533262
500001533270
500001533274
500001533283
500001533307
500001533314
500001533322
500001533331
500001533335
500001533338
500001533356
500001533358
500001533378
500001533381
500001533389
500001533393
500001533409
500001533418
500001533445
500001533475
500001533487
500001533489
500001533501
500001533511
500001533524
500001533551
500001533587
500001533612
500001533643
500001533658
500001533666
500001533698
500001533722
500001533738
500001533740
500001533744
500001533747
500001533752
500001533762
500001533792
500001533805
500001533806
500001533839
500001533840
500001533841
500001533843
500001533844
500001533880
500001533883
500001533887
500001533905
500001533915
500001533918
500001533954
500001533970
500001533973
500001533978
500001533990
