500001561003
500001561005
500001561007
500001561022
500001561043
500001561054
500001561069
500001561079
500001561089
500001561104
500001561159
500001561168
500001561193
500001561214
500001561218
500001561224
500001561233
500001561244
500001561247
500001561263
500001561267
500001561271
500001561279
500001561282
500001561301
500001561307
500001561315
500001561323
500001561335
500001561345
500001561347
500001561379
500001561383
500001561406
500001561424
500001561452
500001561467
500001561501
500001561515
500001561524
500001561541
500001561554
500001561559
500001561575
500001561611
500001561612
500001561622
500001561649
500001561665
500001561667
500001561674
500001561679
500001561706
500001561722
500001561730
500001561749
500001561767
500001561816
500001561861
500001561868
500001561873
500001561883
500001561885
500001561901
500001561904
500001561913
500001561927
500001561936
500001561949
500001561957
500001561986
500001561988
