500001753009
500001753011
500001753014
500001753015
500001753052
500001753059
500001753064
500001753071
500001753078
500001753084
500001753158
500001753171
500001753198
500001753213
500001753223
500001753232
500001753254
500001753264
500001753299
500001753303
500001753316
500001753320
500001753341
500001753369
500001753377
500001753381
500001753407
500001753415
500001753428
500001753429
500001753468
500001753497
500001753529
500001753538
500001753551
500001753565
500001753569
500001753580
500001753590
500001753609
500001753610
500001753658
500001753670
500001753696
500001753704
500001753707
500001753720
500001753736
500001753738
500001753763
500001753778
500001753779
500001753790
500001753793
500001753802
500001753812
500001753820
500001753824
500001753828
500001753863
500001753904
500001753905
500001753906
500001753921
500001753925
500001753934
500001753938
500001753965
500001753969
500001753995
