500001781001
500001781010
500001781011
500001781063
500001781088
500001781092
500001781104
500001781161
500001781170
500001781173
500001781183
500001781188
500001781189
500001781207
500001781214
500001781223
500001781227
500001781296
500001781312
500001781320
500001781327
500001781354
500001781372
500001781381
500001781403
500001781407
500001781419
500001781446
500001781469
500001781473
500001781475
500001781485
500001781501
500001781505
500001781510
500001781515
500001781516
500001781521
500001781523
500001781528
500001781529
500001781530
500001781536
500001781541
500001781557
500001781560
500001781563
500001781568
500001781569
500001781580
500001781623
500001781628
500001781646
500001781648
500001781649
500001781651
500001781653
500001781665
500001781684
500001781688
500001781694
500001781698
500001781706
500001781712
500001781714
500001781745
500001781753
500001781758
500001781765
500001781788
500001781810
500001781824
500001781860
500001781862
500001781879
500001781885
500001781940
500001781945
500001781956
500001781964
500001781966
500001781996
