500913191009
500913191013
500913191022
500913191038
500913191040
500913191046
500913191063
500913191079
500913191084
500913191087
500913191099
500913191124
500913191141
500913191143
500913191183
500913191191
500913191204
500913191230
500913191279
500913191281
500913191282
500913191306
500913191307
500913191333
500913191334
500913191341
500913191378
500913191398
500913191412
500913191415
500913191417
500913191431
500913191439
500913191456
500913191459
500913191468
500913191490
500913191493
500913191496
500913191497
500913191498
500913191503
500913191529
500913191543
500913191545
500913191548
500913191563
500913191576
500913191581
500913191582
500913191589
500913191592
500913191612
500913191623
500913191625
500913191626
500913191628
500913191629
500913191631
500913191653
500913191661
500913191668
500913191762
500913191831
500913191836
500913191841
500913191843
500913191852
500913191862
500913191866
500913191872
500913191895
500913191905
500913191912
500913191918
500913191931
500913191938
500913191967
500913191969
