500913340040
500913340050
500913340054
500913340070
500913340084
500913340100
500913340116
500913340130
500913340135
500913340141
500913340151
500913340194
500913340207
500913340238
500913340256
500913340296
500913340345
500913340346
500913340366
500913340377
500913340380
500913340462
500913340466
500913340482
500913340490
500913340494
500913340545
500913340568
500913340582
500913340585
500913340598
500913340601
500913340605
500913340631
500913340639
500913340646
500913340663
500913340714
500913340732
500913340777
500913340787
500913340835
500913340838
500913340855
500913340880
500913340886
500913340895
500913340923
500913340926
500913340927
500913340932
500913340949
500913340956
500913340963
500913340980
