500913373028
500913373044
500913373050
500913373054
500913373089
500913373091
500913373095
500913373105
500913373113
500913373131
500913373152
500913373163
500913373165
500913373171
500913373218
500913373242
500913373250
500913373303
500913373305
500913373307
500913373329
500913373354
500913373357
500913373368
500913373406
500913373445
500913373449
500913373453
500913373457
500913373471
500913373491
500913373503
500913373518
500913373521
500913373543
500913373552
500913373579
500913373600
500913373604
500913373605
500913373610
500913373624
500913373652
500913373676
500913373678
500913373693
500913373697
500913373700
500913373713
500913373724
500913373736
500913373741
500913373748
500913373759
500913373767
500913373769
500913373792
500913373805
500913373812
500913373829
500913373893
500913373955
500913373978
500913373993
