500913430007
500913430017
500913430045
500913430047
500913430125
500913430153
500913430160
500913430204
500913430235
500913430246
500913430271
500913430273
500913430282
500913430291
500913430304
500913430307
500913430361
500913430366
500913430392
500913430403
500913430415
500913430418
500913430421
500913430446
500913430462
500913430473
500913430486
500913430508
500913430512
500913430516
500913430523
500913430531
500913430535
500913430536
500913430538
500913430547
500913430560
500913430561
500913430575
500913430585
500913430587
500913430589
500913430598
500913430603
500913430605
500913430611
500913430684
500913430707
500913430780
500913430789
500913430791
500913430836
500913430838
500913430843
500913430849
500913430870
500913430884
500913430888
500913430906
500913430910
500913430931
500913430936
500913430953
500913430955
500913430983
500913430994
