500913456014
500913456016
500913456019
500913456033
500913456041
500913456054
500913456059
500913456072
500913456076
500913456083
500913456085
500913456100
500913456124
500913456146
500913456154
500913456180
500913456245
500913456307
500913456308
500913456325
500913456340
500913456342
500913456347
500913456361
500913456366
500913456376
500913456378
500913456418
500913456429
500913456458
500913456466
500913456520
500913456523
500913456542
500913456549
500913456556
500913456573
500913456610
500913456614
500913456620
500913456665
500913456707
500913456719
500913456742
500913456749
500913456751
500913456777
500913456779
500913456780
500913456786
500913456815
