500913586005
500913586011
500913586016
500913586021
500913586022
500913586026
500913586041
500913586061
500913586064
500913586100
500913586129
500913586131
500913586180
500913586195
500913586221
500913586226
500913586233
500913586255
500913586262
500913586286
500913586291
500913586292
500913586293
500913586312
500913586321
500913586355
500913586371
500913586378
500913586451
500913586497
500913586501
500913586506
500913586513
500913586576
500913586579
500913586582
500913586590
500913586601
500913586606
500913586609
500913586611
500913586613
500913586615
500913586616
500913586619
500913586622
500913586630
500913586701
500913586706
500913586709
500913586730
500913586756
500913586760
500913586771
500913586788
500913586808
