500913611004
500913611008
500913611013
500913611037
500913611073
500913611116
500913611129
500913611164
500913611180
500913611192
500913611200
500913611201
500913611204
500913611233
500913611242
500913611318
500913611320
500913611321
500913611324
500913611387
500913611401
500913611424
500913611429
500913611436
500913611449
500913611452
500913611467
500913611470
500913611497
500913611498
500913611528
500913611540
500913611568
500913611575
500913611580
500913611585
500913611587
500913611597
500913611600
500913611694
500913611723
500913611740
500913611749
500913611755
500913611757
500913611783
500913611790
500913611803
500913611805
500913611829
500913611834
500913611887
500913611889
500913611890
500913611946
500913611949
500913611973
500913611974
500913611977
