500913742010
500913742047
500913742056
500913742064
500913742066
500913742101
500913742102
500913742104
500913742128
500913742149
500913742155
500913742176
500913742232
500913742320
500913742340
500913742453
500913742467
500913742468
500913742470
500913742490
500913742491
500913742492
500913742515
500913742516
500913742541
500913742551
500913742565
500913742580
500913742625
500913742629
500913742639
500913742646
500913742674
500913742698
500913742740
500913742769
500913742770
500913742807
500913742808
500913742850
500913742907
500913742915
500913742926
500913742929
500913742936
500913742961
500913742962
