500913747006
500913747011
500913747034
500913747038
500913747059
500913747068
500913747070
500913747094
500913747097
500913747099
500913747123
500913747129
500913747133
500913747135
500913747137
500913747141
500913747144
500913747146
500913747150
500913747155
500913747157
500913747159
500913747163
500913747165
500913747167
500913747171
500913747174
500913747177
500913747182
500913747184
500913747187
500913747189
500913747191
500913747193
500913747197
500913747200
500913747204
500913747209
500913747211
500913747213
500913747304
500913747356
500913747361
500913747367
500913747368
500913747370
500913747379
500913747383
500913747388
500913747391
500913747398
500913747430
500913747433
500913747472
500913747487
500913747489
500913747504
500913747531
500913747537
500913747541
500913747550
500913747552
500913747556
500913747580
500913747592
500913747621
500913747627
500913747690
500913747710
500913747764
500913747779
500913747809
500913747812
500913747824
500913747866
500913747875
500913747882
500913747887
500913747915
500913747932
500913747938
500913747940
500913747959
500913747975
500913747980
