500913852001
500913852002
500913852012
500913852082
500913852084
500913852092
500913852131
500913852209
500913852250
500913852274
500913852276
500913852279
500913852282
500913852285
500913852288
500913852296
500913852325
500913852332
500913852333
500913852339
500913852363
500913852372
500913852414
500913852424
500913852428
500913852430
500913852481
500913852485
500913852523
500913852583
500913852587
500913852597
500913852599
500913852602
500913852604
500913852605
500913852662
500913852683
500913852685
500913852706
500913852712
500913852720
500913852749
500913852764
500913852765
500913852774
500913852798
500913852815
500913852838
500913852839
500913852872
500913852876
500913852878
500913852896
500913852903
500913852930
500913852957
500913852972
500913852974
500913852985
500913852993
