500913871006
500913871018
500913871024
500913871031
500913871033
500913871047
500913871059
500913871061
500913871072
500913871075
500913871087
500913871107
500913871111
500913871112
500913871113
500913871114
500913871115
500913871117
500913871122
500913871125
500913871127
500913871129
500913871131
500913871144
500913871151
500913871152
500913871153
500913871154
500913871166
500913871177
500913871222
500913871226
500913871276
500913871289
500913871320
500913871325
500913871417
500913871422
500913871426
500913871430
500913871434
500913871440
500913871442
500913871453
500913871457
500913871469
500913871477
500913871481
500913871518
500913871519
500913871576
500913871591
500913871594
500913871604
500913871624
500913871648
500913871654
500913871669
500913871679
500913871698
500913871710
500913871731
500913871735
500913871737
500913871748
500913871763
500913871792
500913871819
500913871850
500913871868
500913871881
500913871885
500913871894
500913871900
500913871916
500913871927
500913871938
