500913940063
500913940068
500913940079
500913940095
500913940121
500913940153
500913940181
500913940182
500913940192
500913940197
500913940217
500913940220
500913940272
500913940278
500913940313
500913940316
500913940319
500913940321
500913940323
500913940329
500913940331
500913940333
500913940335
500913940338
500913940340
500913940344
500913940375
500913940378
500913940387
500913940397
500913940433
500913940454
500913940527
500913940548
500913940565
500913940596
500913940607
500913940635
500913940646
500913940651
500913940654
500913940681
500913940690
500913940711
500913940746
500913940747
500913940754
500913940764
500913940767
500913940789
500913940799
500913940803
500913940807
500913940819
500913940854
500913940856
500913940920
500913940947
500913940957
500913940960
500913940967
