500913984062
500913984067
500913984078
500913984108
500913984110
500913984114
500913984211
500913984218
500913984300
500913984310
500913984319
500913984365
500913984367
500913984369
500913984382
500913984398
500913984400
500913984401
500913984404
500913984405
500913984411
500913984417
500913984424
500913984426
500913984429
500913984434
500913984437
500913984439
500913984443
500913984445
500913984448
500913984451
500913984452
500913984454
500913984464
500913984466
500913984469
500913984471
500913984475
500913984477
500913984484
500913984486
500913984488
500913984491
500913984496
500913984498
500913984499
500913984501
500913984505
500913984559
500913984566
500913984600
500913984617
500913984635
500913984639
500913984645
500913984648
500913984655
500913984661
500913984671
500913984688
500913984701
500913984703
500913984716
500913984737
500913984747
500913984756
500913984760
500913984812
500913984828
500913984835
500913984840
500913984843
500913984851
500913984868
500913984880
500913984891
500913984935
500913984976
500913984984
500913984992
