501119076030
501119076114
501119076182
501119076193
501119076279
501119076327
501119076329
501119076336
501119076337
501119076339
501119076342
501119076343
501119076344
501119076351
501119076394
501119076432
501119076448
501119076460
501119076477
501119076479
501119076599
501119076601
501119076602
501119076605
501119076613
501119076660
501119076675
501119076744
501119076745
501119076746
501119076748
501119076872
501119076935
501119076955
501119076960
501119076962
501119076965
501119076966
501119076968
501119076969
