501119161048
501119161059
501119161063
501119161068
501119161070
501119161174
501119161179
501119161236
501119161241
501119161273
501119161295
501119161301
501119161434
501119161443
501119161448
501119161450
501119161462
501119161463
501119161464
501119161466
501119161468
501119161469
501119161471
501119161472
501119161473
501119161474
501119161475
501119161476
501119161478
501119161479
501119161480
501119161481
501119161482
501119161483
501119161484
501119161485
501119161489
501119161490
501119161492
501119161493
501119161494
501119161495
501119161497
501119161498
501119161499
501119161500
501119161501
501119161503
501119161513
501119161596
501119161630
501119161677
501119161720
501119161821
501119161823
501119161842
501119161855
501119161876
501119161888
501119161889
501119161893
501119161916
