501119880000
501119880024
501119880025
501119880026
501119880027
501119880030
501119880034
501119880035
501119880037
501119880040
501119880045
501119880046
501119880047
501119880053
501119880059
501119880070
501119880073
501119880076
501119880080
501119880082
501119880084
501119880086
501119880087
501119880109
501119880175
501119880204
501119880208
501119880209
501119880210
501119880212
501119880214
501119880215
501119880217
501119880219
501119880222
501119880223
501119880225
501119880228
501119880230
501119880234
501119880238
501119880241
501119880245
501119880247
501119880249
501119880250
501119880252
501119880254
501119880256
501119880257
501119880260
501119880262
501119880264
501119880266
501119880267
501119880269
501119880270
501119880273
501119880276
501119880278
501119880362
501119880482
501119880529
501119880571
501119880586
501119880717
501119880890
501119880908
501119880990
