500970158000
500970158004
500970158070
500970158076
500970158080
500970158094
500970158098
500970158101
500970158145
500970158148
500970158159
500970158160
500970158162
500970158175
500970158182
500970158183
500970158186
500970158195
500970158202
500970158205
500970158239
500970158257
500970158262
500970158263
500970158269
500970158275
500970158289
500970158292
500970158348
500970158371
500970158377
500970158383
500970158384
500970158386
500970158421
500970158424
500970158441
500970158451
500970158460
500970158470
500970158472
500970158473
500970158476
500970158517
500970158520
500970158528
500970158530
500970158532
500970158561
500970158564
500970158567
500970158572
500970158578
500970158582
500970158591
500970158594
500970158614
500970158616
500970158619
500970158627
500970158634
500970158673
500970158685
500970158697
500970158709
500970158711
500970158722
500970158739
500970158743
500970158749
500970158764
500970158776
500970158779
500970158784
500970158786
500970158791
500970158812
500970158823
500970158828
500970158830
500970158833
500970158842
500970158848
500970158850
500970158858
500970158860
500970158865
500970158868
500970158876
500970158882
500970158884
500970158890
500970158898
500970158907
500970158912
500970158932
500970158948
500970158953
500970158961
500970158969
500970158992
500970158997
