500970275001
500970275014
500970275019
500970275027
500970275064
500970275067
500970275071
500970275073
500970275074
500970275095
500970275098
500970275099
500970275103
500970275106
500970275113
500970275115
500970275124
500970275137
500970275139
500970275146
500970275149
500970275170
500970275174
500970275178
500970275186
500970275187
500970275202
500970275205
500970275235
500970275253
500970275254
500970275265
500970275268
500970275269
500970275272
500970275276
500970275277
500970275290
500970275301
500970275307
500970275311
500970275319
500970275326
500970275339
500970275350
500970275379
500970275386
500970275387
500970275390
500970275409
500970275410
500970275414
500970275418
500970275428
500970275430
500970275432
500970275453
500970275472
500970275475
500970275476
500970275505
500970275508
500970275514
500970275542
500970275559
500970275560
500970275570
500970275571
500970275578
500970275580
500970275582
500970275608
500970275611
500970275615
500970275654
500970275705
500970275710
500970275730
500970275734
500970275746
500970275755
500970275766
500970275773
500970275777
500970275780
500970275787
500970275794
500970275815
500970275832
500970275853
500970275859
500970275864
500970275870
500970275879
500970275893
500970275895
500970275904
500970275911
500970275929
500970275953
500970275968
500970275971
500970275973
500970275974
500970275981
500970275982
500970275991
500970275993
500970275997
