500970384006
500970384012
500970384023
500970384033
500970384039
500970384083
500970384087
500970384098
500970384106
500970384111
500970384121
500970384126
500970384145
500970384163
500970384172
500970384178
500970384185
500970384208
500970384216
500970384221
500970384241
500970384249
500970384258
500970384302
500970384305
500970384317
500970384319
500970384321
500970384333
500970384340
500970384355
500970384358
500970384374
500970384382
500970384386
500970384388
500970384389
500970384435
500970384464
500970384470
500970384475
500970384481
500970384517
500970384531
500970384534
500970384535
500970384551
500970384556
500970384566
500970384590
500970384593
500970384595
500970384612
500970384634
500970384640
500970384648
500970384649
500970384653
500970384670
500970384685
500970384696
500970384703
500970384716
500970384721
500970384728
500970384729
500970384732
500970384736
500970384739
500970384758
500970384764
500970384765
500970384769
500970384781
500970384783
500970384784
500970384788
500970384790
500970384817
500970384827
500970384841
500970384927
500970384928
500970384943
500970384948
500970384950
500970384953
500970384969
500970384972
500970384983
500970384988
