500970580009
500970580012
500970580065
500970580067
500970580081
500970580084
500970580092
500970580098
500970580100
500970580109
500970580144
500970580182
500970580183
500970580185
500970580218
500970580233
500970580267
500970580320
500970580347
500970580349
500970580371
500970580437
500970580440
500970580446
500970580462
500970580463
500970580465
500970580501
500970580548
500970580569
500970580632
500970580648
500970580697
500970580707
500970580723
500970580760
500970580764
500970580768
500970580817
500970580818
500970580821
500970580828
500970580830
500970580832
500970580837
500970580839
500970580843
500970580845
500970580846
500970580854
500970580856
500970580864
500970580875
500970580878
500970580893
500970580908
500970580919
500970580926
500970580934
500970580940
500970580973
500970580981
