500970681094
500970681149
500970681150
500970681162
500970681176
500970681179
500970681190
500970681207
500970681220
500970681250
500970681269
500970681290
500970681351
500970681361
500970681363
500970681369
500970681373
500970681383
500970681396
500970681403
500970681407
500970681431
500970681457
500970681459
500970681489
500970681491
500970681493
500970681559
500970681563
500970681582
500970681604
500970681613
500970681618
500970681627
500970681629
500970681677
500970681680
500970681682
500970681687
500970681691
500970681729
500970681741
500970681759
500970681803
500970681809
500970681823
500970681825
500970681837
500970681848
500970681859
500970681930
500970681953
