500970703038
500970703052
500970703067
500970703069
500970703070
500970703075
500970703088
500970703097
500970703122
500970703176
500970703180
500970703182
500970703186
500970703224
500970703238
500970703248
500970703251
500970703260
500970703261
500970703265
500970703278
500970703279
500970703281
500970703290
500970703298
500970703304
500970703389
500970703391
500970703416
500970703429
500970703446
500970703447
500970703461
500970703465
500970703483
500970703496
500970703501
500970703507
500970703529
500970703547
500970703570
500970703571
500970703587
500970703588
500970703593
500970703594
500970703597
500970703598
500970703626
500970703628
500970703646
500970703652
500970703807
500970703820
500970703869
500970703878
500970703884
500970703917
500970703943
500970703982
