500536092195
500536092201
500536092204
500536092209
500536092288
500536092306
500536092328
500536092402
500536092446
500536092525
500536092611
500536092647
500536092651
500536092659
500536092668
500536092679
500536092686
500536092688
500536092694
500536092699
500536092702
500536092707
500536092732
500536092736
500536092743
500536092793
500536092821
500536092827
500536092836
500536092848
500536092856
500536092867
500536092879
500536092890
500536092976
500536092977
500536092980
500536092988
500536092994
