500562333085
500562333086
500562333087
500562333090
500562333106
500562333108
500562333110
500562333113
500562333130
500562333134
500562333135
500562333144
500562333148
500562333157
500562333173
500562333178
500562333189
500562333211
500562333239
500562333255
500562333264
500562333273
500562333297
500562333301
500562333304
500562333307
500562333312
500562333317
500562333321
500562333326
500562333329
500562333341
500562333344
500562333414
500562333429
500562333533
500562333544
500562333589
500562333596
500562333616
