501043046021
501043046027
501043046031
501043046055
501043046059
501043046074
501043046075
501043046113
501043046118
501043046183
501043046188
501043046194
501043046230
501043046306
501043046320
501043046330
501043046366
501043046380
501043046395
501043046408
501043046417
501043046472
501043046474
501043046477
501043046481
501043046512
501043046515
501043046539
501043046559
501043046593
501043046595
501043046629
501043046652
501043046657
501043046661
501043046670
501043046708
501043046729
501043046738
501043046742
501043046760
501043046772
501043046781
501043046912
501043046949
501043046952
