501043682012
501043682019
501043682023
501043682037
501043682060
501043682065
501043682094
501043682111
501043682116
501043682120
501043682127
501043682136
501043682145
501043682146
501043682147
501043682151
501043682156
501043682186
501043682191
501043682192
501043682217
501043682222
501043682232
501043682233
501043682236
501043682240
501043682260
501043682286
501043682289
501043682291
501043682294
501043682364
501043682374
501043682386
501043682399
501043682404
501043682425
501043682427
501043682433
501043682469
501043682494
501043682527
501043682534
501043682554
501043682558
501043682669
501043682678
501043682679
501043682682
501043682702
501043682730
501043682831
501043682845
501043682939
