501043687029
501043687064
501043687066
501043687068
501043687070
501043687083
501043687085
501043687113
501043687152
501043687179
501043687180
501043687192
501043687195
501043687199
501043687202
501043687208
501043687210
501043687215
501043687219
501043687224
501043687238
501043687272
501043687282
501043687293
501043687327
501043687355
501043687368
501043687370
501043687388
501043687395
501043687400
501043687410
501043687453
501043687479
501043687486
501043687505
501043687540
501043687542
501043687607
501043687613
501043687615
501043687663
501043687735
501043687740
501043687816
501043687817
501043687848
501043687851
501043687890
501043687921
501043687925
501043687930
501043687939
501043687975
