501043696013
501043696021
501043696036
501043696041
501043696044
501043696047
501043696049
501043696059
501043696066
501043696070
501043696076
501043696079
501043696082
501043696085
501043696092
501043696104
501043696107
501043696111
501043696122
501043696125
501043696127
501043696128
501043696139
501043696179
501043696187
501043696189
501043696191
501043696194
501043696218
501043696219
501043696228
501043696234
501043696235
501043696236
501043696246
501043696253
501043696255
501043696261
501043696267
501043696269
501043696277
501043696294
501043696300
501043696306
501043696309
501043696314
501043696319
501043696320
501043696328
501043696341
501043696367
501043696371
501043696376
501043696378
501043696382
501043696391
501043696394
501043696399
501043696403
501043696413
501043696417
501043696427
501043696441
501043696444
501043696445
501043696447
501043696456
501043696461
501043696463
501043696464
501043696474
501043696477
501043696479
501043696492
501043696497
501043696503
501043696507
501043696537
501043696542
501043696546
501043696558
501043696566
501043696577
501043696583
501043696587
501043696615
501043696636
501043696638
501043696639
501043696641
501043696642
501043696653
501043696666
501043696705
501043696707
501043696722
501043696723
501043696725
501043696726
501043696730
501043696734
501043696736
501043696739
501043696747
501043696753
501043696757
501043696788
501043696827
501043696902
501043696903
501043696905
501043696932
501043696949
501043696976
