501043907009
501043907041
501043907042
501043907173
501043907209
501043907243
501043907248
501043907249
501043907250
501043907251
501043907253
501043907257
501043907258
501043907287
501043907300
501043907323
501043907351
501043907372
501043907374
501043907409
501043907487
501043907501
501043907505
501043907512
501043907522
501043907530
501043907545
501043907568
501043907601
501043907632
501043907676
501043907705
501043907889
501043907892
501043907903
501043907922
501043907924
501043907928
501043907933
501043907940
501043907952
501043907984
