501043915015
501043915021
501043915043
501043915045
501043915052
501043915095
501043915143
501043915145
501043915251
501043915260
501043915267
501043915268
501043915307
501043915311
501043915327
501043915341
501043915343
501043915356
501043915358
501043915376
501043915381
501043915390
501043915425
501043915427
501043915487
501043915490
501043915514
501043915539
501043915550
501043915566
501043915569
501043915631
501043915668
501043915737
501043915742
501043915751
501043915764
501043915790
501043915821
501043915850
501043915858
501043915871
501043915895
501043915910
501043915951
501043915962
501043915973
501043915983
501043915986
501043915989
501043915991
501043915993
501043915994
