501031133020
501031133031
501031133075
501031133088
501031133098
501031133104
501031133106
501031133119
501031133190
501031133206
501031133208
501031133228
501031133232
501031133239
501031133275
501031133292
501031133304
501031133309
501031133313
501031133318
501031133333
501031133382
501031133383
501031133390
501031133498
501031133521
501031133528
501031133536
501031133567
501031133594
501031133598
501031133599
501031133601
501031133606
501031133708
501031133724
501031133725
501031133833
501031133901
501031133955
501031133970
501031133977
501031133985
501031133986
