501031477041
501031477076
501031477099
501031477120
501031477133
501031477145
501031477147
501031477168
501031477175
501031477178
501031477185
501031477187
501031477190
501031477192
501031477197
501031477215
501031477235
501031477236
501031477291
501031477318
501031477347
501031477396
501031477415
501031477421
501031477461
501031477505
501031477514
501031477519
501031477522
501031477525
501031477531
501031477559
501031477561
501031477669
501031477671
501031477678
501031477696
501031477750
501031477758
501031477766
501031477774
501031477780
501031477782
501031477784
501031477798
501031477809
501031477814
501031477843
501031477955
501031477986
501031477990
