501031781028
501031781072
501031781076
501031781091
501031781170
501031781173
501031781196
501031781198
501031781221
501031781239
501031781264
501031781281
501031781282
501031781398
501031781408
501031781433
501031781436
501031781440
501031781443
501031781479
501031781484
501031781508
501031781568
501031781571
501031781582
501031781604
501031781605
501031781610
501031781612
501031781618
501031781641
501031781642
501031781643
501031781644
501031781645
501031781646
501031781648
501031781656
501031781659
501031781661
501031781663
501031781665
501031781667
501031781669
501031781679
501031781688
501031781707
501031781770
501031781771
501031781772
501031781779
501031781812
501031781824
501031781834
501031781838
501031781842
501031781856
501031781865
501031781873
501031781877
501031781887
501031781934
501031781958
501031781972
