501010019007
501010019011
501010019021
501010019058
501010019061
501010019066
501010019073
501010019080
501010019083
501010019112
501010019115
501010019127
501010019135
501010019144
501010019158
501010019170
501010019178
501010019179
501010019182
501010019188
501010019199
501010019234
501010019236
501010019238
501010019245
501010019250
501010019268
501010019278
501010019285
501010019286
501010019288
501010019296
501010019297
501010019299
501010019319
501010019323
501010019341
501010019344
501010019372
501010019390
501010019393
501010019399
501010019400
501010019403
501010019412
501010019414
501010019418
501010019427
501010019442
501010019446
501010019447
501010019450
501010019451
501010019476
501010019492
501010019506
501010019511
501010019513
501010019517
501010019544
501010019546
501010019571
501010019583
501010019585
501010019586
501010019634
501010019638
501010019645
501010019670
501010019697
501010019715
501010019721
501010019727
501010019760
501010019766
501010019774
501010019778
501010019781
501010019790
501010019796
501010019800
501010019804
501010019811
501010019823
501010019842
501010019844
501010019859
501010019862
501010019864
501010019896
501010019911
501010019919
501010019922
501010019949
501010019951
501010019985
501010019989
501010019993
