501010052015
501010052025
501010052031
501010052034
501010052039
501010052056
501010052067
501010052075
501010052078
501010052095
501010052111
501010052124
501010052138
501010052145
501010052151
501010052153
501010052212
501010052239
501010052240
501010052244
501010052248
501010052249
501010052254
501010052257
501010052264
501010052266
501010052267
501010052272
501010052284
501010052307
501010052309
501010052318
501010052324
501010052353
501010052356
501010052359
501010052362
501010052379
501010052383
501010052399
501010052429
501010052430
501010052438
501010052442
501010052473
501010052481
501010052482
501010052487
501010052488
501010052497
501010052525
501010052528
501010052534
501010052552
501010052554
501010052560
501010052563
501010052572
501010052574
501010052579
501010052583
501010052586
501010052588
501010052591
501010052600
501010052605
501010052612
501010052617
501010052619
501010052639
501010052641
501010052656
501010052664
501010052679
501010052690
501010052691
501010052708
501010052720
501010052754
501010052776
501010052815
501010052822
501010052825
501010052850
501010052873
501010052895
501010052897
501010052935
501010052938
501010052944
501010052982
501010052991
501010052995
