501010116007
501010116013
501010116046
501010116073
501010116092
501010116094
501010116100
501010116105
501010116107
501010116110
501010116120
501010116121
501010116123
501010116127
501010116130
501010116132
501010116133
501010116138
501010116142
501010116158
501010116175
501010116185
501010116187
501010116190
501010116198
501010116208
501010116229
501010116238
501010116242
501010116243
501010116246
501010116248
501010116259
501010116262
501010116272
501010116273
501010116277
501010116280
501010116284
501010116286
501010116312
501010116313
501010116323
501010116326
501010116358
501010116375
501010116382
501010116392
501010116396
501010116398
501010116401
501010116402
501010116414
501010116418
501010116422
501010116436
501010116450
501010116467
501010116475
501010116497
501010116521
501010116549
501010116552
501010116557
501010116558
501010116592
501010116594
501010116600
501010116606
501010116607
501010116610
501010116611
501010116624
501010116629
501010116634
501010116635
501010116636
501010116642
501010116644
501010116645
501010116649
501010116668
501010116723
501010116727
501010116745
501010116802
501010116808
501010116817
501010116819
501010116821
501010116824
501010116844
501010116867
501010116892
501010116894
501010116897
501010116912
501010116918
501010116919
501010116929
501010116931
501010116933
501010116937
501010116938
501010116940
501010116946
501010116963
501010116986
