501010305030
501010305042
501010305046
501010305048
501010305062
501010305066
501010305070
501010305098
501010305112
501010305144
501010305147
501010305158
501010305162
501010305172
501010305194
501010305197
501010305198
501010305200
501010305207
501010305222
501010305226
501010305264
501010305276
501010305281
501010305287
501010305293
501010305324
501010305331
501010305336
501010305342
501010305343
501010305352
501010305372
501010305373
501010305378
501010305388
501010305401
501010305403
501010305414
501010305444
501010305449
501010305462
501010305530
501010305533
501010305592
501010305598
501010305613
501010305618
501010305620
501010305621
501010305623
501010305627
501010305629
501010305633
501010305646
501010305655
501010305718
501010305721
501010305723
501010305748
501010305765
501010305766
501010305800
501010305803
501010305835
501010305838
501010305847
501010305849
501010305851
501010305856
501010305861
501010305863
501010305879
501010305880
501010305882
501010305885
501010305888
501010305895
501010305897
501010305901
501010305904
501010305911
501010305924
501010305926
501010305928
501010305953
501010305955
501010305958
501010305985
501010305989
