501010396001
501010396036
501010396038
501010396039
501010396065
501010396067
501010396072
501010396076
501010396095
501010396099
501010396110
501010396115
501010396118
501010396142
501010396148
501010396231
501010396236
501010396252
501010396261
501010396263
501010396267
501010396269
501010396272
501010396277
501010396284
501010396341
501010396343
501010396352
501010396357
501010396367
501010396369
501010396370
501010396384
501010396385
501010396398
501010396407
501010396418
501010396420
501010396426
501010396429
501010396432
501010396436
501010396443
501010396496
501010396508
501010396513
501010396519
501010396520
501010396522
501010396523
501010396529
501010396539
501010396541
501010396592
501010396610
501010396622
501010396623
501010396633
501010396651
501010396652
501010396654
501010396687
501010396728
501010396743
501010396745
501010396747
501010396780
501010396807
501010396810
501010396813
501010396816
501010396819
501010396829
501010396839
501010396851
501010396852
501010396867
501010396879
501010396889
501010396903
501010396920
501010396949
501010396950
501010396953
501010396967
501010396969
501010396976
501010396980
501010396985
501010396992
