501010399008
501010399012
501010399017
501010399019
501010399032
501010399041
501010399044
501010399046
501010399049
501010399051
501010399056
501010399059
501010399077
501010399097
501010399109
501010399113
501010399115
501010399116
501010399117
501010399120
501010399126
501010399130
501010399134
501010399137
501010399139
501010399141
501010399143
501010399148
501010399151
501010399153
501010399159
501010399161
501010399163
501010399168
501010399169
501010399171
501010399173
501010399176
501010399187
501010399199
501010399204
501010399216
501010399217
501010399231
501010399233
501010399273
501010399274
501010399287
501010399292
501010399311
501010399313
501010399314
501010399318
501010399320
501010399323
501010399335
501010399352
501010399362
501010399366
501010399368
501010399369
501010399370
501010399371
501010399386
501010399402
501010399403
501010399428
501010399430
501010399432
501010399433
501010399435
501010399437
501010399463
501010399465
501010399469
501010399483
501010399488
501010399489
501010399495
501010399496
501010399499
501010399500
501010399509
501010399510
501010399519
501010399530
501010399539
501010399561
501010399573
501010399603
501010399613
501010399625
501010399642
501010399644
501010399648
501010399653
501010399658
501010399693
501010399703
501010399711
501010399733
501010399737
501010399751
501010399760
501010399782
501010399795
501010399825
501010399828
501010399865
501010399870
501010399873
501010399889
501010399891
501010399901
501010399918
501010399920
501010399940
501010399966
501010399975
501010399976
501010399979
