501010846003
501010846013
501010846059
501010846066
501010846075
501010846100
501010846108
501010846112
501010846116
501010846131
501010846149
501010846160
501010846162
501010846181
501010846191
501010846196
501010846210
501010846226
501010846232
501010846237
501010846257
501010846265
501010846271
501010846272
501010846274
501010846294
501010846304
501010846318
501010846332
501010846337
501010846394
501010846400
501010846446
501010846520
501010846540
501010846554
501010846599
501010846603
501010846608
501010846653
501010846686
501010846688
501010846709
501010846710
501010846713
501010846729
501010846755
501010846761
501010846844
501010846876
501010846878
501010846890
501010846892
501010846909
501010846911
501010846921
501010846936
501010846948
501010846953
501010846954
501010846955
501010846959
501010846961
501010846964
