501010859010
501010859034
501010859040
501010859044
501010859047
501010859056
501010859069
501010859070
501010859075
501010859083
501010859090
501010859091
501010859095
501010859097
501010859102
501010859123
501010859136
501010859145
501010859149
501010859193
501010859238
501010859241
501010859245
501010859253
501010859257
501010859259
501010859262
501010859271
501010859280
501010859281
501010859299
501010859310
501010859323
501010859329
501010859332
501010859335
501010859349
501010859352
501010859355
501010859410
501010859414
501010859431
501010859436
501010859440
501010859495
501010859510
501010859511
501010859512
501010859565
501010859569
501010859571
501010859572
501010859574
501010859578
501010859609
501010859614
501010859620
501010859670
501010859672
501010859680
501010859681
501010859745
501010859772
501010859783
501010859788
501010859791
501010859793
501010859794
501010859795
501010859797
501010859821
501010859832
501010859844
501010859855
501010859874
501010859902
501010859909
501010859910
501010859912
501010859921
501010859930
501010859939
501010859946
501010859954
501010859978
501010859979
