501010877003
501010877006
501010877007
501010877009
501010877014
501010877068
501010877072
501010877091
501010877093
501010877107
501010877131
501010877151
501010877161
501010877166
501010877195
501010877265
501010877286
501010877295
501010877326
501010877356
501010877374
501010877400
501010877437
501010877439
501010877440
501010877458
501010877461
501010877462
501010877467
501010877470
501010877504
501010877513
501010877528
501010877543
501010877546
501010877582
501010877585
501010877625
501010877642
501010877643
501010877666
501010877679
501010877698
501010877713
501010877726
501010877735
501010877743
501010877788
501010877814
501010877816
501010877819
501010877841
501010877844
501010877871
501010877872
501010877876
501010877877
501010877879
501010877885
501010877890
501010877893
501010877896
501010877902
501010877903
501010877904
501010877911
501010877912
501010877920
501010877924
501010877927
501010877933
501010877934
501010877942
501010877976
501010877980
501010877986
