501010921005
501010921010
501010921016
501010921017
501010921021
501010921030
501010921033
501010921046
501010921048
501010921054
501010921070
501010921077
501010921088
501010921128
501010921134
501010921136
501010921141
501010921144
501010921158
501010921162
501010921171
501010921174
501010921182
501010921186
501010921188
501010921197
501010921211
501010921214
501010921216
501010921218
501010921236
501010921241
501010921244
501010921245
501010921248
501010921251
501010921297
501010921311
501010921315
501010921327
501010921343
501010921349
501010921365
501010921366
501010921370
501010921372
501010921414
501010921418
501010921428
501010921433
501010921438
501010921452
501010921454
501010921458
501010921474
501010921493
501010921498
501010921500
501010921505
501010921515
501010921521
501010921532
501010921549
501010921554
501010921587
501010921592
501010921595
501010921624
501010921653
501010921654
501010921671
501010921674
501010921677
501010921691
501010921695
501010921706
501010921708
501010921730
501010921735
501010921745
501010921755
501010921760
501010921785
501010921786
501010921823
501010921872
501010921876
501010921911
501010921916
501010921924
501010921931
501010921936
501010921941
501010921969
501010921975
501010921981
501010921991
501010921993
501010921995
