501010957020
501010957022
501010957034
501010957037
501010957047
501010957078
501010957081
501010957092
501010957109
501010957136
501010957138
501010957152
501010957154
501010957155
501010957165
501010957169
501010957178
501010957185
501010957188
501010957194
501010957205
501010957220
501010957234
501010957236
501010957240
501010957247
501010957262
501010957263
501010957266
501010957275
501010957322
501010957324
501010957326
501010957329
501010957379
501010957380
501010957403
501010957406
501010957464
501010957470
501010957473
501010957476
501010957479
501010957483
501010957513
501010957516
501010957519
501010957521
501010957524
501010957544
501010957553
501010957559
501010957565
501010957583
501010957598
501010957613
501010957629
501010957632
501010957635
501010957670
501010957679
501010957683
501010957691
501010957693
501010957702
501010957714
501010957726
501010957751
501010957752
501010957773
501010957778
501010957800
501010957801
501010957834
501010957837
501010957842
501010957849
501010957880
501010957907
501010957910
501010957941
501010957945
501010957950
