500379723011
500379723026
500379723034
500379723045
500379723051
500379723054
500379723055
500379723074
500379723102
500379723120
500379723129
500379723135
500379723141
500379723149
500379723156
500379723168
500379723184
500379723186
500379723192
500379723198
500379723507
500379723669
500379723717
500379723912
500379723928
500379723011
500379723026
500379723034
500379723045
500379723051
500379723054
500379723055
500379723074
500379723102
500379723120
500379723129
500379723135
500379723141
500379723149
500379723156
500379723168
500379723184
500379723186
500379723192
500379723198
500379723507
500379723669
500379723717
500379723912
500379723928
