500980057006
500980057007
500980057009
500980057021
500980057023
500980057032
500980057035
500980057043
500980057045
500980057054
500980057055
500980057058
500980057061
500980057065
500980057084
500980057086
500980057089
500980057105
500980057118
500980057120
500980057121
500980057124
500980057131
500980057135
500980057142
500980057144
500980057146
500980057162
500980057168
500980057169
500980057189
500980057193
500980057196
500980057216
500980057223
500980057226
500980057246
500980057261
500980057274
500980057290
500980057292
500980057302
500980057321
500980057335
500980057345
500980057348
500980057350
500980057371
500980057372
500980057376
500980057403
500980057408
500980057416
500980057420
500980057424
500980057435
500980057447
500980057462
500980057469
500980057471
500980057479
500980057482
500980057485
500980057492
500980057502
500980057510
500980057512
500980057516
500980057534
500980057538
500980057546
500980057549
500980057563
500980057564
500980057566
500980057569
500980057572
500980057583
500980057592
500980057604
500980057607
500980057608
500980057618
500980057623
500980057625
500980057627
500980057646
500980057653
500980057673
500980057675
500980057705
500980057706
500980057708
500980057710
500980057747
500980057753
500980057756
500980057759
500980057770
500980057773
500980057780
500980057781
500980057795
500980057798
500980057799
500980057830
500980057841
500980057848
500980057852
500980057855
500980057856
500980057870
500980057875
500980057879
500980057881
500980057890
500980057901
500980057903
500980057918
500980057928
500980057932
500980057938
500980057961
500980057965
500980057977
500980057979
500980057981
500980057995
