500980337004
500980337010
500980337011
500980337026
500980337029
500980337033
500980337052
500980337104
500980337112
500980337131
500980337143
500980337144
500980337148
500980337155
500980337158
500980337168
500980337202
500980337204
500980337211
500980337223
500980337236
500980337259
500980337269
500980337290
500980337293
500980337298
500980337302
500980337304
500980337331
500980337342
500980337347
500980337355
500980337358
500980337366
500980337371
500980337385
500980337435
500980337455
500980337458
500980337472
500980337474
500980337477
500980337481
500980337526
500980337530
500980337584
500980337586
500980337588
500980337589
500980337592
500980337595
500980337596
500980337606
500980337607
500980337619
500980337632
500980337638
500980337640
500980337642
500980337655
500980337663
500980337668
500980337672
500980337687
500980337693
500980337695
500980337701
500980337706
500980337708
500980337717
500980337747
500980337757
500980337759
500980337775
500980337787
500980337788
500980337790
500980337804
500980337811
500980337847
500980337871
500980337878
500980337884
500980337904
500980337906
500980337908
500980337926
500980337932
500980337936
500980337938
500980337941
500980337957
500980337979
500980337981
500980337983
500980337985
500980337988
500980337989
