500980460006
500980460012
500980460041
500980460046
500980460056
500980460066
500980460073
500980460078
500980460089
500980460113
500980460168
500980460170
500980460174
500980460175
500980460195
500980460204
500980460207
500980460210
500980460220
500980460230
500980460237
500980460245
500980460250
500980460263
500980460265
500980460273
500980460276
500980460309
500980460316
500980460322
500980460326
500980460348
500980460366
500980460369
500980460373
500980460378
500980460379
500980460385
500980460387
500980460413
500980460426
500980460428
500980460435
500980460438
500980460445
500980460449
500980460475
500980460482
500980460491
500980460540
500980460550
500980460560
500980460563
500980460568
500980460579
500980460583
500980460598
500980460607
500980460610
500980460614
500980460620
500980460626
500980460646
500980460651
500980460661
500980460663
500980460669
500980460675
500980460687
500980460695
500980460702
500980460704
500980460712
500980460714
500980460715
500980460719
500980460721
500980460723
500980460744
500980460763
500980460766
500980460768
500980460771
500980460795
500980460801
500980460803
500980460811
500980460815
500980460816
500980460832
500980460851
500980460858
500980460859
500980460865
500980460871
500980460875
500980460884
500980460889
500980460906
500980460909
500980460915
500980460924
500980460925
500980460942
500980460944
500980460958
500980460959
500980460964
500980460971
500980460991
500980460994
