500980483007
500980483013
500980483025
500980483035
500980483044
500980483052
500980483063
500980483079
500980483083
500980483087
500980483088
500980483112
500980483124
500980483126
500980483132
500980483141
500980483158
500980483164
500980483165
500980483171
500980483177
500980483180
500980483186
500980483198
500980483206
500980483235
500980483242
500980483245
500980483249
500980483263
500980483281
500980483294
500980483308
500980483311
500980483313
500980483350
500980483352
500980483356
500980483362
500980483366
500980483371
500980483398
500980483404
500980483414
500980483452
500980483461
500980483473
500980483479
500980483488
500980483490
500980483491
500980483496
500980483500
500980483514
500980483521
500980483528
500980483529
500980483533
500980483546
500980483555
500980483557
500980483558
500980483568
500980483570
500980483577
500980483586
500980483599
500980483601
500980483603
500980483606
500980483610
500980483612
500980483620
500980483626
500980483630
500980483636
500980483658
500980483659
500980483662
500980483678
500980483702
500980483710
500980483722
500980483724
500980483725
500980483728
500980483730
500980483737
500980483740
500980483763
500980483774
500980483776
500980483779
500980483780
500980483781
500980483785
500980483786
500980483790
500980483817
500980483841
500980483845
500980483856
500980483864
500980483869
500980483882
500980483892
500980483902
500980483913
500980483951
500980483996
500980483999
