500980503000
500980503004
500980503017
500980503033
500980503035
500980503061
500980503066
500980503078
500980503080
500980503088
500980503091
500980503092
500980503107
500980503113
500980503115
500980503119
500980503122
500980503124
500980503134
500980503164
500980503165
500980503173
500980503176
500980503189
500980503197
500980503203
500980503206
500980503218
500980503219
500980503239
500980503257
500980503264
500980503273
500980503275
500980503280
500980503284
500980503286
500980503289
500980503291
500980503304
500980503313
500980503314
500980503320
500980503324
500980503331
500980503335
500980503341
500980503355
500980503375
500980503379
500980503393
500980503402
500980503419
500980503424
500980503432
500980503462
500980503479
500980503482
500980503484
500980503490
500980503528
500980503533
500980503535
500980503537
500980503539
500980503563
500980503584
500980503622
500980503629
500980503631
500980503633
500980503637
500980503639
500980503655
500980503697
500980503737
500980503740
500980503766
500980503769
500980503773
500980503775
500980503808
500980503824
500980503832
500980503835
500980503839
500980503850
500980503885
500980503887
500980503897
500980503902
500980503911
500980503922
500980503938
500980503966
500980503982
