500980517010
500980517040
500980517049
500980517056
500980517071
500980517076
500980517080
500980517086
500980517090
500980517095
500980517099
500980517102
500980517104
500980517106
500980517108
500980517116
500980517120
500980517137
500980517144
500980517155
500980517167
500980517169
500980517172
500980517177
500980517181
500980517188
500980517191
500980517194
500980517195
500980517201
500980517221
500980517222
500980517234
500980517237
500980517240
500980517244
500980517257
500980517297
500980517299
500980517300
500980517302
500980517305
500980517307
500980517309
500980517311
500980517313
500980517315
500980517345
500980517356
500980517371
500980517374
500980517391
500980517416
500980517421
500980517437
500980517453
500980517463
500980517464
500980517472
500980517488
500980517501
500980517506
500980517507
500980517512
500980517519
500980517531
500980517535
500980517539
500980517542
500980517544
500980517551
500980517553
500980517577
500980517620
500980517644
500980517646
500980517667
500980517742
500980517760
500980517769
500980517771
500980517813
500980517825
500980517827
500980517830
500980517832
500980517842
500980517845
500980517847
500980517854
500980517858
500980517862
500980517864
500980517873
500980517883
500980517885
500980517898
500980517905
500980517922
500980517924
500980517926
500980517928
500980517932
500980517935
500980517943
500980517971
500980517974
500980517977
500980517982
500980517988
500980517991
500980517995
