500980521001
500980521004
500980521020
500980521022
500980521055
500980521064
500980521078
500980521093
500980521094
500980521095
500980521099
500980521103
500980521123
500980521124
500980521129
500980521138
500980521139
500980521141
500980521142
500980521155
500980521178
500980521189
500980521205
500980521208
500980521221
500980521225
500980521251
500980521252
500980521287
500980521303
500980521318
500980521324
500980521335
500980521345
500980521350
500980521360
500980521367
500980521375
500980521379
500980521397
500980521399
500980521401
500980521409
500980521417
500980521419
500980521466
500980521468
500980521472
500980521487
500980521495
500980521498
500980521501
500980521508
500980521511
500980521514
500980521517
500980521528
500980521531
500980521543
500980521545
500980521551
500980521552
500980521558
500980521562
500980521573
500980521581
500980521586
500980521599
500980521613
500980521634
500980521640
500980521647
500980521662
500980521668
500980521681
500980521688
500980521692
500980521699
500980521702
500980521704
500980521714
500980521719
500980521726
500980521803
500980521807
500980521809
500980521810
500980521813
500980521843
500980521847
500980521856
500980521863
500980521875
500980521878
500980521889
500980521903
500980521913
500980521927
500980521941
500980521952
500980521961
500980521986
500980521998
