500980666007
500980666050
500980666051
500980666061
500980666063
500980666065
500980666068
500980666069
500980666100
500980666101
500980666125
500980666128
500980666136
500980666138
500980666153
500980666173
500980666175
500980666176
500980666188
500980666198
500980666199
500980666201
500980666203
500980666205
500980666209
500980666219
500980666235
500980666241
500980666248
500980666251
500980666259
500980666275
500980666280
500980666283
500980666289
500980666304
500980666326
500980666331
500980666335
500980666345
500980666348
500980666366
500980666380
500980666383
500980666388
500980666389
500980666391
500980666394
500980666413
500980666423
500980666434
500980666439
500980666449
500980666452
500980666453
500980666455
500980666460
500980666461
500980666497
500980666517
500980666520
500980666522
500980666527
500980666531
500980666533
500980666534
500980666535
500980666543
500980666547
500980666550
500980666555
500980666567
500980666572
500980666574
500980666579
500980666580
500980666593
500980666603
500980666618
500980666640
500980666650
500980666684
500980666688
500980666689
500980666694
500980666707
500980666712
500980666731
500980666737
500980666743
500980666747
500980666751
500980666768
500980666771
500980666775
500980666785
500980666788
500980666794
500980666795
500980666797
500980666798
500980666800
500980666803
500980666817
500980666818
500980666822
500980666824
500980666827
500980666833
500980666842
500980666845
500980666878
500980666879
500980666881
500980666884
500980666888
500980666890
500980666898
500980666900
500980666902
500980666906
500980666912
500980666914
500980666922
500980666924
500980666931
500980666935
500980666946
500980666948
500980666962
500980666963
500980666979
500980666985
