501023240032
501023240043
501023240047
501023240104
501023240105
501023240142
501023240156
501023240166
501023240168
501023240180
501023240215
501023240247
501023240272
501023240276
501023240321
501023240374
501023240385
501023240387
501023240420
501023240425
501023240463
501023240483
501023240524
501023240526
501023240556
501023240575
501023240634
501023240703
501023240718
501023240720
501023240817
501023240830
501023240858
501023240872
501023240880
501023240897
501023240906
501023240907
501023240929
501023240940
501023240972
501023240995
