501023767021
501023767061
501023767078
501023767113
501023767131
501023767134
501023767136
501023767218
501023767259
501023767267
501023767330
501023767335
501023767337
501023767361
501023767426
501023767429
501023767443
501023767446
501023767452
501023767453
501023767533
501023767545
501023767574
501023767618
501023767621
501023767658
501023767662
501023767773
501023767780
501023767788
501023767795
501023767832
501023767836
501023767838
501023767839
501023767848
501023767858
501023767860
501023767863
501023767865
501023767899
501023767901
501023767904
501023767942
501023767944
