500971098032
500971098051
500971098088
500971098106
500971098111
500971098115
500971098128
500971098133
500971098134
500971098163
500971098178
500971098198
500971098305
500971098307
500971098311
500971098315
500971098329
500971098348
500971098399
500971098408
500971098414
500971098427
500971098449
500971098469
500971098513
500971098529
500971098533
500971098554
500971098575
500971098578
500971098582
500971098583
500971098594
500971098599
500971098611
500971098616
500971098617
500971098628
500971098635
500971098638
500971098648
500971098667
500971098678
500971098680
500971098685
500971098693
500971098695
500971098704
500971098708
500971098709
500971098713
500971098726
500971098731
500971098744
500971098753
500971098789
500971098804
500971098814
500971098828
500971098830
500971098843
500971098864
500971098867
500971098912
500971098927
500971098931
500971098944
500971098959
