500971504006
500971504057
500971504077
500971504086
500971504089
500971504120
500971504192
500971504193
500971504206
500971504260
500971504264
500971504266
500971504277
500971504292
500971504300
500971504317
500971504357
500971504359
500971504369
500971504370
500971504379
500971504385
500971504401
500971504478
500971504481
500971504512
500971504517
500971504518
500971504519
500971504526
500971504541
500971504546
500971504547
500971504569
500971504587
500971504594
500971504609
500971504617
500971504680
500971504686
500971504689
500971504690
500971504695
500971504701
500971504704
500971504706
500971504716
500971504717
500971504727
500971504730
500971504735
500971504739
500971504741
500971504742
500971504747
500971504751
500971504762
500971504767
500971504768
500971504772
500971504778
500971504779
500971504786
500971504795
500971504798
500971504803
500971504806
500971504809
500971504821
500971504875
500971504876
500971504887
500971504891
500971504899
500971504903
500971504936
500971504948
500971504949
500971504979
500971504996
