500971583001
500971583002
500971583008
500971583035
500971583053
500971583054
500971583059
500971583070
500971583072
500971583090
500971583118
500971583123
500971583142
500971583144
500971583148
500971583179
500971583184
500971583189
500971583193
500971583195
500971583197
500971583216
500971583218
500971583226
500971583251
500971583261
500971583273
500971583279
500971583292
500971583316
500971583332
500971583334
500971583338
500971583341
500971583356
500971583376
500971583400
500971583419
500971583433
500971583448
500971583452
500971583456
500971583485
500971583508
500971583514
500971583543
500971583555
500971583567
500971583568
500971583576
500971583613
500971583664
500971583668
500971583697
500971583714
500971583716
500971583718
500971583727
500971583728
500971583730
500971583739
500971583745
500971583772
500971583778
500971583819
500971583831
500971583843
500971583856
500971583862
500971583869
500971583878
500971583908
500971583919
500971583929
500971583935
500971583938
