500986219005
500986219035
500986219040
500986219041
500986219048
500986219055
500986219058
500986219073
500986219078
500986219079
500986219080
500986219088
500986219092
500986219094
500986219099
500986219105
500986219109
500986219148
500986219155
500986219159
500986219170
500986219173
500986219191
500986219196
500986219198
500986219229
500986219233
500986219244
500986219246
500986219254
500986219257
500986219263
500986219266
500986219272
500986219277
500986219278
500986219282
500986219286
500986219292
500986219299
500986219300
500986219308
500986219319
500986219321
500986219331
500986219338
500986219381
500986219386
500986219387
500986219389
500986219397
500986219401
500986219402
500986219404
500986219408
500986219410
500986219420
500986219429
500986219430
500986219436
500986219442
500986219448
500986219457
500986219461
500986219469
500986219488
500986219489
500986219495
500986219514
500986219544
500986219550
500986219552
500986219555
500986219576
500986219581
500986219597
500986219601
500986219602
500986219628
500986219635
500986219637
500986219640
500986219671
500986219706
500986219709
500986219712
500986219717
500986219729
500986219744
500986219759
500986219765
500986219768
500986219772
500986219775
500986219776
500986219821
500986219835
500986219839
500986219847
500986219851
500986219854
500986219858
500986219860
500986219888
500986219913
500986219920
500986219922
500986219926
500986219927
500986219928
500986219935
500986219941
500986219943
500986219949
500986219950
500986219953
500986219957
500986219966
500986219997
