500986437006
500986437017
500986437030
500986437042
500986437046
500986437055
500986437065
500986437067
500986437080
500986437095
500986437100
500986437108
500986437137
500986437162
500986437168
500986437171
500986437186
500986437187
500986437188
500986437206
500986437212
500986437213
500986437221
500986437257
500986437259
500986437264
500986437303
500986437314
500986437318
500986437320
500986437321
500986437330
500986437394
500986437404
500986437425
500986437468
500986437469
500986437482
500986437495
500986437497
500986437502
500986437507
500986437510
500986437545
500986437546
500986437551
500986437552
500986437557
500986437568
500986437585
500986437587
500986437588
500986437593
500986437598
500986437599
500986437600
500986437602
500986437603
500986437620
500986437648
500986437652
500986437656
500986437661
500986437675
500986437678
500986437708
500986437709
500986437716
500986437725
500986437738
500986437744
500986437748
500986437788
500986437798
500986437804
500986437819
500986437831
500986437851
500986437870
500986437871
500986437875
500986437915
500986437920
500986437937
500986437943
500986437945
500986437947
500986437950
500986437975
500986437980
500986437988
