500986581000
500986581005
500986581012
500986581054
500986581060
500986581085
500986581093
500986581100
500986581102
500986581105
500986581130
500986581134
500986581137
500986581145
500986581155
500986581156
500986581162
500986581179
500986581197
500986581218
500986581219
500986581226
500986581234
500986581235
500986581236
500986581239
500986581248
500986581257
500986581260
500986581263
500986581276
500986581304
500986581305
500986581311
500986581313
500986581315
500986581316
500986581318
500986581322
500986581328
500986581345
500986581361
500986581363
500986581372
500986581375
500986581382
500986581405
500986581410
500986581417
500986581424
500986581439
500986581451
500986581453
500986581458
500986581467
500986581470
500986581472
500986581476
500986581493
500986581502
500986581504
500986581508
500986581509
500986581535
500986581554
500986581576
500986581583
500986581587
500986581589
500986581596
500986581608
500986581611
500986581624
500986581626
500986581630
500986581636
500986581651
500986581658
500986581660
500986581665
500986581668
500986581670
500986581671
500986581682
500986581683
500986581684
500986581685
500986581686
500986581688
500986581696
500986581698
500986581700
500986581705
500986581720
500986581721
500986581724
500986581726
500986581739
500986581740
500986581759
500986581781
500986581786
500986581788
500986581790
500986581796
500986581802
500986581804
500986581805
500986581813
500986581816
500986581819
500986581820
500986581824
500986581826
500986581829
500986581830
500986581831
500986581833
500986581836
500986581837
500986581847
500986581850
500986581858
500986581862
500986581869
500986581876
500986581878
500986581879
500986581883
500986581886
500986581892
500986581894
500986581896
500986581899
500986581901
500986581903
500986581906
500986581909
500986581911
500986581913
500986581925
500986581930
500986581932
500986581935
500986581936
500986581939
500986581942
500986581946
500986581949
500986581950
500986581954
500986581956
500986581957
500986581961
500986581985
500986581990
