500986626004
500986626015
500986626039
500986626053
500986626055
500986626056
500986626060
500986626061
500986626064
500986626069
500986626073
500986626075
500986626077
500986626085
500986626087
500986626089
500986626090
500986626156
500986626167
500986626168
500986626174
500986626183
500986626186
500986626189
500986626190
500986626197
500986626199
500986626200
500986626210
500986626214
500986626219
500986626227
500986626228
500986626247
500986626248
500986626255
500986626260
500986626265
500986626298
500986626301
500986626304
500986626329
500986626341
500986626343
500986626351
500986626352
500986626358
500986626359
500986626371
500986626389
500986626390
500986626410
500986626440
500986626455
500986626462
500986626485
500986626492
500986626495
500986626518
500986626521
500986626547
500986626548
500986626556
500986626560
500986626567
500986626574
500986626576
500986626579
500986626581
500986626582
500986626584
500986626586
500986626588
500986626592
500986626594
500986626598
500986626620
500986626621
500986626623
500986626624
500986626631
500986626639
500986626663
500986626664
500986626678
500986626706
500986626759
500986626773
500986626776
500986626791
500986626798
500986626801
500986626802
500986626824
500986626827
500986626844
500986626846
500986626853
500986626867
500986626884
500986626886
500986626896
500986626905
500986626913
500986626917
500986626923
500986626930
500986626948
500986626950
500986626956
500986626957
500986626961
500986626965
500986626983
500986626989
500986626995
