500986647002
500986647012
500986647015
500986647021
500986647025
500986647034
500986647038
500986647039
500986647045
500986647046
500986647051
500986647053
500986647055
500986647057
500986647059
500986647065
500986647066
500986647068
500986647070
500986647073
500986647077
500986647079
500986647081
500986647084
500986647085
500986647087
500986647091
500986647094
500986647096
500986647109
500986647110
500986647112
500986647115
500986647117
500986647118
500986647120
500986647121
500986647134
500986647136
500986647143
500986647145
500986647148
500986647170
500986647193
500986647195
500986647199
500986647200
500986647201
500986647203
500986647224
500986647228
500986647281
500986647282
500986647284
500986647290
500986647303
500986647312
500986647318
500986647327
500986647328
500986647346
500986647349
500986647351
500986647355
500986647363
500986647364
500986647370
500986647383
500986647387
500986647389
500986647401
500986647403
500986647407
500986647426
500986647436
500986647438
500986647457
500986647464
500986647473
500986647479
500986647493
500986647506
500986647510
500986647543
500986647570
500986647594
500986647602
500986647610
500986647623
500986647632
500986647633
500986647649
500986647652
500986647653
500986647657
500986647662
500986647663
500986647664
500986647667
500986647668
500986647672
500986647676
500986647690
500986647695
500986647698
500986647699
500986647705
500986647711
500986647714
500986647718
500986647720
500986647721
500986647723
500986647732
500986647742
500986647745
500986647762
500986647764
500986647772
500986647788
500986647795
500986647808
500986647809
500986647813
500986647816
500986647818
500986647835
500986647838
500986647850
500986647868
500986647880
500986647884
500986647885
500986647901
500986647939
500986647941
500986647946
500986647957
500986647958
500986647981
500986647982
500986647985
