500986771010
500986771017
500986771026
500986771031
500986771033
500986771035
500986771036
500986771039
500986771040
500986771041
500986771050
500986771057
500986771059
500986771061
500986771062
500986771063
500986771099
500986771101
500986771112
500986771130
500986771143
500986771147
500986771149
500986771172
500986771181
500986771187
500986771197
500986771198
500986771200
500986771205
500986771207
500986771214
500986771219
500986771220
500986771224
500986771245
500986771259
500986771272
500986771289
500986771290
500986771294
500986771295
500986771296
500986771308
500986771312
500986771314
500986771318
500986771326
500986771327
500986771338
500986771351
500986771356
500986771359
500986771360
500986771381
500986771393
500986771405
500986771409
500986771431
500986771435
500986771441
500986771454
500986771455
500986771479
500986771482
500986771492
500986771501
500986771507
500986771510
500986771513
500986771514
500986771523
500986771526
500986771537
500986771545
500986771549
500986771550
500986771568
500986771571
500986771604
500986771614
500986771618
500986771620
500986771627
500986771630
500986771633
500986771637
500986771640
500986771642
500986771645
500986771672
500986771674
500986771677
500986771679
500986771682
500986771687
500986771689
500986771690
500986771692
500986771696
500986771705
500986771709
500986771719
500986771721
500986771724
500986771745
500986771747
500986771749
500986771751
500986771754
500986771758
500986771761
500986771762
500986771773
500986771781
500986771782
500986771784
500986771793
500986771802
500986771823
500986771828
500986771830
500986771836
500986771845
500986771847
500986771850
500986771857
500986771871
500986771890
500986771892
500986771908
500986771915
500986771928
500986771966
500986771978
500986771980
500986771997
