500986795003
500986795008
500986795016
500986795021
500986795034
500986795040
500986795042
500986795043
500986795046
500986795048
500986795066
500986795072
500986795081
500986795084
500986795088
500986795092
500986795094
500986795095
500986795100
500986795104
500986795106
500986795114
500986795116
500986795117
500986795120
500986795125
500986795138
500986795144
500986795156
500986795159
500986795163
500986795172
500986795187
500986795199
500986795213
500986795214
500986795220
500986795221
500986795229
500986795252
500986795266
500986795271
500986795299
500986795309
500986795314
500986795329
500986795331
500986795353
500986795357
500986795358
500986795373
500986795374
500986795386
500986795388
500986795401
500986795402
500986795422
500986795426
500986795428
500986795430
500986795433
500986795442
500986795446
500986795463
500986795479
500986795481
500986795502
500986795503
500986795533
500986795539
500986795566
500986795592
500986795599
500986795614
500986795640
500986795641
500986795655
500986795685
500986795729
500986795748
500986795779
500986795790
500986795794
500986795799
500986795800
500986795801
500986795808
500986795819
500986795821
500986795823
500986795832
500986795834
500986795841
500986795842
500986795849
500986795856
500986795869
500986795879
500986795888
500986795897
500986795917
500986795923
500986795928
500986795930
500986795932
500986795941
500986795947
500986795969
500986795977
500986795982
