500986853001
500986853011
500986853012
500986853014
500986853016
500986853021
500986853025
500986853077
500986853092
500986853097
500986853103
500986853124
500986853128
500986853148
500986853151
500986853153
500986853158
500986853159
500986853164
500986853178
500986853184
500986853194
500986853204
500986853216
500986853224
500986853247
500986853251
500986853263
500986853271
500986853280
500986853283
500986853285
500986853289
500986853293
500986853295
500986853297
500986853298
500986853388
500986853399
500986853501
500986853518
500986853520
500986853537
500986853546
500986853567
500986853568
500986853580
500986853585
500986853586
500986853591
500986853594
500986853624
500986853625
500986853628
500986853631
500986853636
500986853639
500986853641
500986853643
500986853645
500986853646
500986853651
500986853655
500986853673
500986853678
500986853691
500986853703
500986853709
500986853723
500986853725
500986853733
500986853836
500986853840
500986853842
500986853858
500986853869
500986853873
500986853882
500986853894
500986853897
500986853919
500986853948
500986853954
500986853966
500986853976
500986853984
500986853989
500986853995
500986853999
