500986936016
500986936018
500986936065
500986936077
500986936081
500986936084
500986936112
500986936129
500986936131
500986936137
500986936140
500986936154
500986936161
500986936189
500986936199
500986936202
500986936206
500986936221
500986936225
500986936227
500986936230
500986936236
500986936275
500986936279
500986936286
500986936293
500986936296
500986936308
500986936311
500986936336
500986936362
500986936380
500986936393
500986936411
500986936412
500986936415
500986936442
500986936444
500986936445
500986936448
500986936457
500986936459
500986936554
500986936558
500986936561
500986936567
500986936593
500986936610
500986936613
500986936617
500986936658
500986936660
500986936663
500986936666
500986936675
500986936686
500986936688
500986936690
500986936692
500986936703
500986936729
500986936771
500986936800
500986936819
500986936822
500986936834
500986936837
500986936841
500986936846
500986936849
500986936854
500986936858
500986936865
500986936878
500986936885
500986936890
500986936895
500986936912
500986936913
500986936921
500986936930
500986936939
500986936954
500986936955
500986936959
500986936962
500986936981
500986936991
