500986961003
500986961016
500986961022
500986961026
500986961043
500986961060
500986961071
500986961073
500986961074
500986961086
500986961088
500986961089
500986961097
500986961140
500986961142
500986961145
500986961152
500986961153
500986961155
500986961158
500986961168
500986961184
500986961197
500986961208
500986961211
500986961220
500986961235
500986961239
500986961245
500986961246
500986961248
500986961249
500986961261
500986961265
500986961273
500986961275
500986961283
500986961285
500986961289
500986961291
500986961292
500986961296
500986961298
500986961302
500986961311
500986961332
500986961334
500986961336
500986961340
500986961344
500986961355
500986961360
500986961369
500986961384
500986961387
500986961393
500986961395
500986961411
500986961418
500986961424
500986961427
500986961440
500986961444
500986961446
500986961459
500986961465
500986961477
500986961484
500986961486
500986961503
500986961508
500986961514
500986961533
500986961534
500986961535
500986961553
500986961554
500986961562
500986961572
500986961575
500986961603
500986961610
500986961612
500986961613
500986961636
500986961653
500986961656
500986961664
500986961729
500986961733
500986961734
500986961741
500986961745
500986961756
500986961758
500986961759
500986961768
500986961778
500986961791
500986961799
500986961802
500986961805
500986961817
500986961819
500986961831
500986961843
500986961849
500986961853
500986961859
500986961864
500986961866
500986961875
500986961876
500986961878
500986961881
500986961891
500986961918
500986961920
500986961936
500986961959
500986961961
500986961964
500986961970
500986961976
500986961991
500986961995
500986961996
