500986996005
500986996080
500986996091
500986996106
500986996119
500986996121
500986996126
500986996127
500986996134
500986996141
500986996152
500986996160
500986996162
500986996165
500986996169
500986996196
500986996201
500986996208
500986996210
500986996249
500986996255
500986996257
500986996291
500986996295
500986996310
500986996314
500986996324
500986996325
500986996327
500986996333
500986996337
500986996346
500986996374
500986996378
500986996381
500986996383
500986996392
500986996398
500986996447
500986996469
500986996473
500986996475
500986996499
500986996507
500986996510
500986996520
500986996523
500986996526
500986996533
500986996536
500986996540
500986996541
500986996554
500986996557
500986996567
500986996579
500986996598
500986996613
500986996618
500986996638
500986996646
500986996652
500986996653
500986996657
500986996658
500986996664
500986996669
500986996678
500986996681
500986996685
500986996699
500986996709
500986996711
500986996718
500986996721
500986996733
500986996734
500986996739
500986996741
500986996743
500986996749
500986996752
500986996753
500986996755
500986996758
500986996761
500986996764
500986996775
500986996787
500986996792
500986996793
500986996819
500986996822
500986996823
500986996828
500986996830
500986996832
500986996844
500986996852
500986996859
500986996861
500986996869
500986996910
500986996931
500986996954
500986996956
500986996966
500986996968
500986996971
500986996972
500986996979
500986996980
500986996983
