500403033085
500403033157
500403033193
500403033211
500403033224
500403033251
500403033344
500403033362
500403033368
500403033372
500403033569
500403033660
500403033811
500403033845
500403033919
500403033941
500403033945
500403033957
500403033960
500403033968
500403033085
500403033157
500403033193
500403033211
500403033224
500403033251
500403033344
500403033362
500403033368
500403033372
500403033569
500403033660
500403033811
500403033845
500403033919
500403033941
500403033945
500403033957
500403033960
500403033968
