500403240080
500403240104
500403240113
500403240166
500403240195
500403240205
500403240222
500403240235
500403240239
500403240245
500403240262
500403240268
500403240288
500403240301
500403240305
500403240310
500403240330
500403240344
500403240350
500403240368
500403240381
500403240391
500403240399
500403240529
500403240684
500403240697
500403240700
500403240706
500403240712
500403240718
500403240722
500403240815
500403240818
500403240823
500403240833
500403240838
500403240844
500403240853
500403240901
500403240986
