500945061323
500945061324
500945061339
500945061435
500945061438
500945061443
500945061525
500945061530
500945061544
500945061561
500945061564
500945061650
500945061664
500945061671
500945061679
500945061695
500945061712
500945061739
500945061774
500945061786
500945061323
500945061324
500945061339
500945061435
500945061438
500945061443
500945061525
500945061530
500945061544
500945061561
500945061564
500945061650
500945061664
500945061671
500945061679
500945061695
500945061712
500945061739
500945061774
500945061786
