500945484022
500945484068
500945484072
500945484110
500945484113
500945484162
500945484165
500945484176
500945484183
500945484191
500945484193
500945484194
500945484197
500945484200
500945484240
500945484242
500945484854
500945484867
500945484872
500945484875
500945484882
500945484883
500945484891
500945484906
500945484919
500945484935
500945484967
500945484986
500945484989
500945484991
500945484022
500945484068
500945484072
500945484110
500945484113
500945484162
500945484165
500945484176
500945484183
500945484191
500945484193
500945484194
500945484197
500945484200
500945484240
500945484242
500945484854
500945484867
500945484872
500945484875
500945484882
500945484883
500945484891
500945484906
500945484919
500945484935
500945484967
500945484986
500945484989
500945484991
