500945711002
500945711003
500945711006
500945711008
500945711015
500945711017
500945711023
500945711049
500945711057
500945711059
500945711062
500945711069
500945711074
500945711080
500945711084
500945711089
500945711091
500945711092
500945711094
500945711098
500945711110
500945711111
500945711116
500945711118
500945711141
500945711145
500945711154
500945711169
500945711172
500945711175
500945711177
500945711188
500945711190
500945711200
500945711201
500945711213
500945711222
500945711228
500945711234
500945711281
500945711313
500945711338
500945711348
500945711350
500945711352
500945711356
500945711360
500945711365
500945711367
500945711370
500945711374
500945711384
500945711388
500945711398
500945711412
500945711413
500945711414
500945711417
500945711427
500945711439
500945711441
500945711442
500945711444
500945711449
500945711450
500945711458
500945711461
500945711464
500945711467
500945711484
500945711491
500945711515
500945711517
500945711533
500945711535
500945711546
500945711552
500945711566
500945711576
500945711579
500945711583
500945711586
500945711600
500945711603
500945711617
500945711620
500945711625
500945711631
500945711632
500945711633
500945711636
500945711638
500945711651
500945711659
500945711660
500945711665
500945711669
500945711672
500945711680
500945711684
500945711704
500945711711
500945711719
500945711727
500945711739
500945711752
500945711758
500945711761
500945711762
500945711765
500945711767
500945711771
500945711776
500945711777
500945711778
500945711781
500945711782
500945711784
500945711788
500945711789
500945711808
500945711812
500945711816
500945711833
500945711840
500945711844
500945711847
500945711849
500945711859
500945711861
500945711864
500945711865
500945711878
500945711882
500945711883
500945711887
500945711905
500945711907
500945711914
500945711928
500945711936
500945711937
500945711941
500945711959
500945711961
500945711976
500945711981
500945711983
500945711987
