500945720003
500945720008
500945720012
500945720020
500945720031
500945720033
500945720078
500945720085
500945720089
500945720099
500945720120
500945720134
500945720140
500945720150
500945720153
500945720154
500945720157
500945720161
500945720163
500945720165
500945720169
500945720193
500945720196
500945720198
500945720209
500945720217
500945720249
500945720251
500945720257
500945720271
500945720274
500945720278
500945720285
500945720288
500945720304
500945720305
500945720339
500945720351
500945720369
500945720372
500945720373
500945720386
500945720389
500945720396
500945720406
500945720410
500945720429
500945720431
500945720433
500945720435
500945720442
500945720458
500945720467
500945720470
500945720476
500945720477
500945720478
500945720488
500945720507
500945720509
500945720510
500945720515
500945720521
500945720526
500945720528
500945720530
500945720534
500945720535
500945720539
500945720543
500945720548
500945720549
500945720551
500945720556
500945720561
500945720562
500945720577
500945720583
500945720597
500945720608
500945720610
500945720613
500945720619
500945720626
500945720627
500945720640
500945720655
500945720656
500945720657
500945720672
500945720673
500945720692
500945720702
500945720704
500945720888
500945720890
500945720893
500945720912
500945720914
500945720920
500945720922
500945720925
500945720932
500945720933
500945720935
500945720940
500945720944
500945720945
500945720950
500945720954
500945720976
500945720983
500945720988
500945720993
500945720003
500945720008
500945720012
500945720020
500945720031
500945720033
500945720078
500945720085
500945720089
500945720099
500945720120
500945720134
500945720140
500945720150
500945720153
500945720154
500945720157
500945720161
500945720163
500945720165
500945720169
500945720193
500945720196
500945720198
500945720209
500945720217
500945720249
500945720251
500945720257
500945720271
500945720274
500945720278
500945720285
500945720288
500945720304
500945720305
500945720339
500945720351
500945720369
500945720372
500945720373
500945720386
500945720389
500945720396
500945720406
500945720410
500945720429
500945720431
500945720433
500945720435
500945720442
500945720458
500945720467
500945720470
500945720476
500945720477
500945720478
500945720488
500945720507
500945720509
500945720510
500945720515
500945720521
500945720526
500945720528
500945720530
500945720534
500945720535
500945720539
500945720543
500945720548
500945720549
500945720551
500945720556
500945720561
500945720562
500945720577
500945720583
500945720597
500945720608
500945720610
500945720613
500945720619
500945720626
500945720627
500945720640
500945720655
500945720656
500945720657
500945720672
500945720673
500945720692
500945720702
500945720704
500945720888
500945720890
500945720893
500945720912
500945720914
500945720920
500945720922
500945720925
500945720932
500945720933
500945720935
500945720940
500945720944
500945720945
500945720950
500945720954
500945720976
500945720983
500945720988
500945720993
