500945798002
500945798005
500945798049
500945798053
500945798055
500945798066
500945798093
500945798124
500945798125
500945798136
500945798154
500945798162
500945798179
500945798186
500945798193
500945798195
500945798210
500945798216
500945798218
500945798222
500945798226
500945798232
500945798238
500945798251
500945798254
500945798267
500945798268
500945798281
500945798303
500945798305
500945798307
500945798310
500945798311
500945798312
500945798316
500945798833
500945798847
500945798848
500945798850
500945798856
500945798870
500945798873
500945798885
500945798916
500945798957
500945798991
