500945886001
500945886005
500945886017
500945886020
500945886024
500945886059
500945886074
500945886076
500945886079
500945886116
500945886120
500945886124
500945886129
500945886131
500945886156
500945886161
500945886166
500945886178
500945886180
500945886188
500945886191
500945886195
500945886210
500945886214
500945886226
500945886232
500945886265
500945886269
500945886280
500945886300
500945886317
500945886324
500945886332
500945886362
500945886365
500945886370
500945886371
500945886374
500945886376
500945886380
500945886396
500945886397
500945886411
500945886413
500945886422
500945886451
500945886473
500945886481
500945886485
500945886487
500945886490
500945886502
500945886517
500945886521
500945886524
500945886530
500945886532
500945886538
500945886540
500945886548
500945886551
500945886554
500945886555
500945886609
500945886610
500945886617
500945886618
500945886641
500945886647
500945886649
500945886651
500945886653
500945886655
500945886657
500945886679
500945886680
500945886684
500945886703
500945886707
500945886720
500945886724
500945886735
500945886742
500945886750
500945886753
500945886763
500945886775
500945886777
500945886779
500945886781
500945886789
500945886792
500945886806
500945886808
500945886812
500945886814
500945886822
500945886833
500945886836
500945886849
500945886862
500945886865
500945886867
500945886869
500945886875
500945886881
500945886894
500945886900
500945886908
500945886909
500945886911
500945886912
500945886914
500945886916
500945886921
500945886933
500945886944
500945886950
500945886953
500945886968
500945886970
500945886977
500945886985
500945886995
500945886001
500945886005
500945886017
500945886020
500945886024
500945886059
500945886074
500945886076
500945886079
500945886116
500945886120
500945886124
500945886129
500945886131
500945886156
500945886161
500945886166
500945886178
500945886180
500945886188
500945886191
500945886195
500945886210
500945886214
500945886226
500945886232
500945886265
500945886269
500945886280
500945886300
500945886317
500945886324
500945886332
500945886362
500945886365
500945886370
500945886371
500945886374
500945886376
500945886380
500945886396
500945886397
500945886411
500945886413
500945886422
500945886451
500945886473
500945886481
500945886485
500945886487
500945886490
500945886502
500945886517
500945886521
500945886524
500945886530
500945886532
500945886538
500945886540
500945886548
500945886551
500945886554
500945886555
500945886609
500945886610
500945886617
500945886618
500945886641
500945886647
500945886649
500945886651
500945886653
500945886655
500945886657
500945886679
500945886680
500945886684
500945886703
500945886707
500945886720
500945886724
500945886735
500945886742
500945886750
500945886753
500945886763
500945886775
500945886777
500945886779
500945886781
500945886789
500945886792
500945886806
500945886808
500945886812
500945886814
500945886822
500945886833
500945886836
500945886849
500945886862
500945886865
500945886867
500945886869
500945886875
500945886881
500945886894
500945886900
500945886908
500945886909
500945886911
500945886912
500945886914
500945886916
500945886921
500945886933
500945886944
500945886950
500945886953
500945886968
500945886970
500945886977
500945886985
500945886995
