500657236063
500657236064
500657236066
500657236186
500657236196
500657236353
500657236449
500657236479
500657236532
500657236590
500657236591
500657236593
500657236595
500657236597
500657236599
500657236602
500657236605
500657236607
500657236615
500657236619
500657236622
500657236626
500657236627
500657236630
500657236632
500657236636
500657236638
500657236641
500657236645
500657236647
500657236650
500657236657
500657236660
500657236666
500657236667
500657236670
500657236672
500657236674
500657236678
500657236681
500657236683
500657236686
500657236690
500657236692
500657236694
500657236697
500657236699
500657236702
500657236703
500657236705
500657236708
500657236713
500657236719
500657236737
500657236775
500657236792
500657236812
500657236813
500657236909
