501022395036
501022395042
501022395053
501022395058
501022395072
501022395112
501022395125
501022395171
501022395203
501022395205
501022395207
501022395209
501022395228
501022395263
501022395265
501022395279
501022395280
501022395289
501022395293
501022395295
501022395296
501022395350
501022395351
501022395352
501022395367
501022395381
501022395385
501022395393
501022395411
501022395436
501022395463
501022395466
501022395491
501022395540
501022395569
501022395583
501022395592
501022395598
501022395600
501022395603
501022395630
501022395646
501022395648
501022395649
501022395659
501022395694
501022395698
501022395730
501022395731
501022395773
501022395777
501022395808
501022395826
501022395866
501022395875
501022395880
501022395888
501022395942
501022395979
501022395985
