501022530006
501022530007
501022530068
501022530069
501022530093
501022530130
501022530156
501022530164
501022530166
501022530193
501022530204
501022530210
501022530211
501022530218
501022530249
501022530251
501022530252
501022530292
501022530308
501022530333
501022530341
501022530344
501022530366
501022530446
501022530510
501022530516
501022530541
501022530556
501022530581
501022530614
501022530633
501022530650
501022530656
501022530676
501022530679
501022530714
501022530753
501022530768
501022530771
501022530922
501022530997
