501022622001
501022622007
501022622010
501022622015
501022622017
501022622019
501022622031
501022622139
501022622140
501022622159
501022622175
501022622177
501022622186
501022622203
501022622427
501022622459
501022622472
501022622476
501022622488
501022622492
501022622506
501022622524
501022622527
501022622578
501022622585
501022622604
501022622605
501022622611
501022622669
501022622688
501022622690
501022622702
501022622711
501022622715
501022622751
501022622807
501022622834
501022622835
501022622849
501022622851
501022622857
501022622874
501022622926
501022622962
501022622969
