501022789010
501022789061
501022789066
501022789081
501022789090
501022789106
501022789166
501022789173
501022789177
501022789201
501022789218
501022789260
501022789269
501022789272
501022789315
501022789339
501022789431
501022789433
501022789459
501022789479
501022789512
501022789561
501022789580
501022789585
501022789611
501022789616
501022789617
501022789620
501022789623
501022789625
501022789634
501022789652
501022789661
501022789663
501022789669
501022789670
501022789709
501022789746
501022789770
501022789774
501022789784
501022789805
501022789811
501022789825
501022789833
501022789844
501022789860
501022789863
501022789870
501022789882
501022789887
501022789921
501022789946
501022789958
501022789966
501022789972
501022789987
