501022802010
501022802012
501022802014
501022802020
501022802021
501022802023
501022802032
501022802033
501022802059
501022802068
501022802070
501022802073
501022802078
501022802080
501022802081
501022802091
501022802097
501022802103
501022802463
501022802468
501022802471
501022802480
501022802493
501022802495
501022802499
501022802512
501022802544
501022802598
501022802677
501022802686
501022802705
501022802709
501022802725
501022802738
501022802745
501022802751
501022802755
501022802756
501022802772
501022802775
501022802776
501022802783
501022802784
501022802785
501022802797
501022802837
501022802849
501022802880
501022802963
501022802967
