501022988007
501022988061
501022988180
501022988220
501022988243
501022988277
501022988283
501022988287
501022988290
501022988291
501022988298
501022988340
501022988373
501022988387
501022988402
501022988417
501022988440
501022988467
501022988483
501022988499
501022988517
501022988526
501022988544
501022988556
501022988557
501022988560
501022988561
501022988563
501022988573
501022988574
501022988576
501022988579
501022988616
501022988619
501022988631
501022988632
501022988639
501022988641
501022988642
501022988646
501022988649
501022988652
501022988654
501022988655
501022988656
501022988662
501022988665
501022988671
501022988684
501022988686
501022988689
501022988699
501022988700
501022988704
501022988707
501022988719
501022988720
501022988721
501022988743
501022988793
501022988800
501022988801
501022988802
501022988806
501022988808
501022988820
501022988827
501022988864
501022988865
501022988870
501022988881
501022988899
501022988902
501022988912
501022988929
501022988932
501022988933
501022988934
501022988937
501022988940
501022988951
501022988962
