501022994003
501022994004
501022994016
501022994086
501022994093
501022994109
501022994118
501022994138
501022994139
501022994140
501022994206
501022994207
501022994208
501022994209
501022994211
501022994215
501022994218
501022994220
501022994225
501022994228
501022994240
501022994246
501022994250
501022994256
501022994265
501022994273
501022994274
501022994277
501022994288
501022994304
501022994310
501022994314
501022994320
501022994322
501022994369
501022994375
501022994394
501022994401
501022994411
501022994423
501022994469
501022994628
501022994688
501022994700
501022994782
501022994835
501022994840
501022994853
501022994914
501022994917
501022994921
501022994992
501022994994
501022994997
