501072159156
501072159158
501072159160
501072159234
501072159275
501072159303
501072159306
501072159352
501072159356
501072159362
501072159368
501072159539
501072159573
501072159577
501072159581
501072159583
501072159768
501072159777
501072159780
501072159782
501072159783
501072159784
501072159785
501072159786
501072159789
501072159790
501072159791
501072159792
501072159793
501072159794
501072159795
501072159796
501072159797
501072159798
501072159799
501072159801
501072159802
501072159804
501072159805
501072159808
501072159810
501072159827
501072159829
501072159835
501072159837
501072159842
501072159849
501072159935
501072159962
