501113419046
501113419108
501113419114
501113419154
501113419278
501113419283
501113419284
501113419286
501113419287
501113419288
501113419289
501113419359
501113419365
501113419367
501113419368
501113419372
501113419401
501113419411
501113419457
501113419459
501113419478
501113419490
501113419493
501113419496
501113419499
501113419503
501113419505
501113419509
501113419511
501113419513
501113419515
501113419517
501113419519
501113419537
501113419539
501113419542
501113419545
501113419547
501113419551
501113419553
501113419556
501113419558
501113419561
501113419563
501113419565
501113419567
501113419569
501113419572
501113419575
501113419580
501113419582
501113419583
501113419585
501113419589
501113419592
501113419594
501113419599
501113419604
501113419606
501113419608
501113419612
501113419614
501113419617
501113419619
501113419623
501113419625
501113419637
501113419639
501113419641
501113419643
501113419647
501113419651
501113419652
501113419657
501113419659
501113419661
501113419662
501113419665
501113419671
501113419677
501113419678
501113419680
501113419684
501113419689
501113419691
501113419693
501113419695
501113419702
501113419766
501113419771
501113419773
501113419775
501113419776
501113419780
501113419784
501113419786
501113419788
501113419790
501113419793
501113419799
501113419801
501113419804
501113419809
501113419810
501113419812
501113419814
501113419816
501113419818
501113419822
501113419824
501113419826
501113419828
501113419831
501113419834
501113419837
501113419839
501113419844
501113419848
501113419853
501113419854
501113419856
501113419858
501113419860
501113419863
501113419865
501113419867
501113419869
501113419871
501113419879
501113419881
501113419884
501113419888
501113419890
501113419893
501113419898
501113419901
501113419903
501113419908
501113419911
501113419915
501113419918
501113419929
501113419931
501113419934
501113419936
501113419939
501113419941
501113419945
501113419947
501113419957
501113419960
501113419963
501113419966
501113419968
501113419970
501113419980
501113419982
501113419987
501113419989
501113419991
501113419994
501113419996
