501113538015
501113538021
501113538069
501113538178
501113538265
501113538289
501113538412
501113538428
501113538600
501113538610
501113538770
501113538771
501113538773
501113538774
501113538776
501113538777
501113538778
501113538779
501113538780
501113538781
501113538785
501113538790
501113538797
501113538798
501113538801
501113538802
501113538804
501113538805
501113538806
501113538813
501113538814
501113538815
501113538817
501113538824
501113538825
501113538827
501113538829
501113538837
501113538839
501113538844
501113538846
501113538847
501113538850
501113538851
501113538863
501113538865
501113538867
501113538869
501113538874
501113538875
501113538876
501113538879
501113538881
501113538882
501113538886
501113538887
501113538891
501113538893
501113538895
501113538896
501113538898
501113538901
501113538903
501113538917
501113538924
501113538928
501113538929
501113538930
501113538932
501113538936
501113538937
501113538943
501113538945
501113538951
501113538953
501113538954
501113538956
501113538958
501113538963
501113538964
501113538965
501113538966
501113538968
501113538969
501113538970
501113538971
501113538972
501113538973
501113538975
501113538976
501113538977
501113538978
501113538979
501113538981
501113538986
501113538987
501113538997
501113538998
501113538999
