501113974088
501113974123
501113974129
501113974139
501113974154
501113974156
501113974158
501113974161
501113974199
501113974235
501113974236
501113974237
501113974242
501113974243
501113974245
501113974246
501113974248
501113974249
501113974252
501113974255
501113974256
501113974259
501113974266
501113974326
501113974358
501113974447
501113974470
501113974473
501113974475
501113974477
501113974481
501113974485
501113974486
501113974491
501113974492
501113974510
501113974511
501113974514
501113974516
501113974519
501113974524
501113974529
501113974530
501113974531
501113974532
501113974535
501113974539
501113974542
501113974546
501113974547
501113974548
501113974552
501113974556
501113974559
501113974562
501113974567
501113974572
501113974577
501113974582
501113974583
501113974584
501113974585
501113974586
501113974588
501113974592
501113974594
501113974632
501113974837
501113974959
