501062007024
501062007037
501062007093
501062007108
501062007118
501062007119
501062007120
501062007121
501062007122
501062007124
501062007127
501062007129
501062007430
501062007432
501062007442
501062007455
501062007489
501062007531
501062007537
501062007547
501062007654
501062007792
501062007825
501062007839
501062007851
501062007861
501062007863
501062007865
501062007867
501062007873
501062007876
501062007879
501062007881
501062007882
501062007883
501062007885
501062007890
501062007893
501062007896
501062007897
501062007899
501062007903
501062007930
501062007946
