501062342219
501062342291
501062342314
501062342324
501062342331
501062342332
501062342335
501062342337
501062342339
501062342340
501062342341
501062342342
501062342343
501062342348
501062342349
501062342350
501062342352
501062342360
501062342420
501062342422
501062342423
501062342428
501062342437
501062342439
501062342440
501062342441
501062342443
501062342444
501062342446
501062342448
501062342450
501062342453
501062342456
501062342459
501062342461
501062342466
501062342468
501062342480
501062342485
501062342487
501062342492
501062342495
501062342497
501062342498
501062342500
501062342503
501062342506
501062342509
501062342513
501062342749
501062342926
501062342931
