501062547001
501062547005
501062547008
501062547011
501062547014
501062547019
501062547023
501062547026
501062547030
501062547035
501062547124
501062547186
501062547205
501062547207
501062547209
501062547210
501062547212
501062547213
501062547238
501062547244
501062547260
501062547262
501062547267
501062547280
501062547283
501062547290
501062547295
501062547302
501062547303
501062547304
501062547318
501062547319
501062547327
501062547331
501062547333
501062547334
501062547335
501062547338
501062547353
501062547354
501062547358
501062547499
501062547519
501062547531
501062547549
501062547566
501062547584
501062547585
501062547586
501062547588
501062547594
501062547596
501062547615
501062547695
501062547761
501062547764
501062547768
501062547793
501062547821
501062547826
501062547829
501062547836
501062547853
501062547855
501062547923
501062547950
501062547968
