501062942009
501062942031
501062942060
501062942133
501062942135
501062942201
501062942226
501062942242
501062942243
501062942251
501062942254
501062942261
501062942262
501062942263
501062942265
501062942266
501062942282
501062942284
501062942285
501062942287
501062942290
501062942296
501062942299
501062942300
501062942303
501062942327
501062942343
501062942345
501062942347
501062942349
501062942352
501062942353
501062942354
501062942360
501062942371
501062942424
501062942487
501062942526
501062942549
501062942552
501062942553
501062942555
501062942560
501062942565
501062942737
