500973259004
500973259005
500973259008
500973259011
500973259013
500973259025
500973259028
500973259031
500973259042
500973259053
500973259074
500973259075
500973259081
500973259085
500973259112
500973259116
500973259120
500973259137
500973259152
500973259160
500973259164
500973259165
500973259167
500973259187
500973259195
500973259207
500973259208
500973259217
500973259224
500973259231
500973259235
500973259294
500973259299
500973259300
500973259301
500973259306
500973259317
500973259332
500973259342
500973259377
500973259381
500973259410
500973259426
500973259430
500973259436
500973259438
500973259440
500973259446
500973259447
500973259449
500973259452
500973259455
500973259463
500973259465
500973259490
500973259496
500973259505
500973259508
500973259518
500973259519
500973259524
500973259546
500973259547
500973259553
500973259573
500973259575
500973259579
500973259608
500973259653
500973259654
500973259667
500973259670
500973259686
500973259690
500973259700
500973259703
500973259707
500973259708
500973259711
500973259719
500973259731
500973259739
500973259745
500973259759
500973259777
500973259779
500973259797
500973259813
500973259818
500973259821
500973259825
500973259840
500973259845
500973259853
500973259859
500973259883
500973259884
500973259886
500973259890
500973259894
500973259900
500973259902
500973259908
500973259923
500973259927
500973259937
500973259987
500973259988
500973259996
