500973540009
500973540011
500973540012
500973540025
500973540028
500973540045
500973540056
500973540059
500973540067
500973540081
500973540086
500973540109
500973540110
500973540144
500973540149
500973540152
500973540157
500973540160
500973540162
500973540171
500973540184
500973540189
500973540196
500973540200
500973540203
500973540210
500973540217
500973540219
500973540228
500973540239
500973540263
500973540315
500973540328
500973540330
500973540331
500973540333
500973540348
500973540352
500973540367
500973540375
500973540377
500973540388
500973540405
500973540419
500973540422
500973540426
500973540428
500973540436
500973540478
500973540501
500973540502
500973540511
500973540550
500973540554
500973540559
500973540564
500973540619
500973540631
500973540642
500973540645
500973540646
500973540648
500973540678
500973540686
500973540704
500973540715
500973540717
