500973761018
500973761025
500973761051
500973761054
500973761055
500973761057
500973761060
500973761075
500973761082
500973761100
500973761104
500973761105
500973761129
500973761145
500973761147
500973761154
500973761158
500973761186
500973761190
500973761191
500973761243
500973761247
500973761278
500973761279
500973761305
500973761323
500973761324
500973761352
500973761355
500973761372
500973761380
500973761386
500973761440
500973761446
500973761448
500973761451
500973761477
500973761481
500973761485
500973761627
500973761634
500973761645
500973761648
500973761655
500973761676
500973761677
500973761684
500973761693
500973761699
500973761708
500973761710
500973761713
500973761726
500973761729
500973761731
500973761747
500973761748
500973761760
500973761762
500973761768
500973761795
500973761839
500973761855
500973761862
500973761872
500973761933
500973761938
500973761942
500973761950
500973761954
500973761988
500973761995
