500973785004
500973785017
500973785031
500973785033
500973785034
500973785035
500973785075
500973785077
500973785090
500973785103
500973785113
500973785122
500973785147
500973785170
500973785182
500973785184
500973785188
500973785214
500973785222
500973785224
500973785227
500973785339
500973785341
500973785350
500973785357
500973785366
500973785368
500973785370
500973785375
500973785389
500973785391
500973785396
500973785404
500973785405
500973785406
500973785411
500973785418
500973785421
500973785431
500973785434
500973785442
500973785445
500973785453
500973785468
500973785497
500973785515
500973785537
500973785547
500973785567
500973785585
500973785589
500973785595
500973785630
500973785647
500973785706
500973785715
500973785720
500973785723
500973785728
500973785755
500973785783
500973785829
500973785834
500973785836
500973785844
500973785848
500973785852
500973785857
500973785868
500973785880
500973785883
500973785885
500973785899
500973785901
500973785903
500973785934
500973785940
500973785950
500973785952
500973785953
500973785955
500973785964
500973785965
500973785972
500973785974
500973785976
