500973973002
500973973029
500973973051
500973973090
500973973097
500973973099
500973973138
500973973140
500973973143
500973973145
500973973147
500973973162
500973973167
500973973170
500973973186
500973973193
500973973197
500973973206
500973973230
500973973232
500973973237
500973973248
500973973263
500973973277
500973973290
500973973292
500973973295
500973973299
500973973305
500973973308
500973973310
500973973313
500973973325
500973973326
500973973329
500973973341
500973973347
500973973384
500973973388
500973973392
500973973395
500973973397
500973973406
500973973409
500973973419
500973973420
500973973423
500973973428
500973973431
500973973433
500973973435
500973973437
500973973449
500973973456
500973973460
500973973462
500973973465
500973973477
500973973478
500973973479
500973973480
500973973486
500973973487
500973973489
500973973494
500973973496
500973973498
500973973501
500973973508
500973973515
500973973517
500973973520
500973973521
500973973524
500973973525
500973973527
500973973529
500973973530
500973973531
500973973532
500973973533
500973973537
500973973557
500973973558
500973973561
500973973563
500973973564
500973973576
500973973579
500973973598
500973973604
500973973614
500973973616
500973973617
500973973624
500973973628
500973973629
500973973631
500973973635
500973973639
500973973642
500973973656
500973973678
500973973708
500973973712
500973973714
500973973732
500973973735
500973973761
500973973763
500973973772
500973973781
500973973790
500973973791
500973973798
500973973799
500973973801
500973973805
500973973806
500973973808
500973973809
500973973817
500973973841
500973973849
500973973877
500973973886
500973973890
500973973894
500973973904
500973973905
500973973908
500973973910
500973973912
500973973916
500973973919
500973973924
500973973932
500973973950
500973973953
500973973954
500973973969
500973973976
500973973977
500973973979
500973973984
500973973993
500973973997
