500905122048
500905122087
500905122136
500905122159
500905122161
500905122230
500905122232
500905122238
500905122345
500905122354
500905122458
500905122520
500905122573
500905122611
500905122620
500905122623
500905122627
500905122628
500905122630
500905122631
500905122633
500905122636
500905122637
500905122638
500905122646
500905122651
500905122652
500905122655
500905122656
500905122664
500905122667
500905122672
500905122678
500905122683
500905122688
500905122690
500905122720
500905122724
500905122745
500905122765
500905122786
500905122819
