500905643005
500905643017
500905643018
500905643033
500905643062
500905643063
500905643097
500905643134
500905643144
500905643167
500905643212
500905643222
500905643237
500905643270
500905643276
500905643308
500905643337
500905643344
500905643346
500905643406
500905643429
500905643470
500905643480
500905643506
500905643547
500905643556
500905643559
500905643571
500905643581
500905643583
500905643654
500905643713
500905643736
500905643737
500905643745
500905643747
500905643751
500905643753
500905643767
500905643797
500905643801
500905643827
500905643829
500905643837
500905643842
500905643854
500905643878
500905643880
500905643885
500905643888
500905643897
