500965072002
500965072003
500965072007
500965072015
500965072020
500965072024
500965072025
500965072026
500965072057
500965072059
500965072070
500965072072
500965072084
500965072093
500965072114
500965072134
500965072137
500965072140
500965072141
500965072142
500965072164
500965072181
500965072185
500965072186
500965072191
500965072193
500965072209
500965072213
500965072225
500965072227
500965072232
500965072240
500965072244
500965072256
500965072259
500965072263
500965072266
500965072267
500965072268
500965072269
500965072273
500965072314
500965072821
500965072825
500965072834
500965072839
500965072842
500965072847
500965072854
500965072855
500965072882
500965072883
500965072889
500965072894
500965072899
500965072905
500965072914
500965072917
500965072931
500965072975
