500965140002
500965140025
500965140047
500965140056
500965140060
500965140067
500965140068
500965140074
500965140080
500965140091
500965140097
500965140114
500965140121
500965140132
500965140146
500965140181
500965140188
500965140206
500965140238
500965140249
500965140267
500965140287
500965140304
500965140325
500965140335
500965140377
500965140392
500965140407
500965140421
500965140433
500965140464
500965140468
500965140473
500965140486
500965140496
500965140514
500965140518
500965140522
500965140561
500965140564
500965140571
500965140576
500965140583
500965140587
500965140605
500965140619
500965140635
500965140641
500965140654
500965140700
500965140701
500965140703
500965140722
500965140746
500965140754
500965140758
500965140803
500965140804
500965140826
500965140827
500965140839
500965140846
500965140870
500965140873
500965140888
500965140889
500965140891
500965140918
500965140950
500965140955
500965140969
500965140979
500965140982
500965140996
