500965227021
500965227042
500965227046
500965227048
500965227056
500965227058
500965227083
500965227126
500965227131
500965227135
500965227137
500965227179
500965227181
500965227206
500965227227
500965227235
500965227238
500965227240
500965227245
500965227270
500965227279
500965227307
500965227309
500965227311
500965227336
500965227346
500965227356
500965227357
500965227362
500965227368
500965227373
500965227374
500965227379
500965227392
500965227394
500965227395
500965227406
500965227421
500965227447
500965227448
500965227494
500965227498
500965227500
500965227507
500965227544
500965227546
500965227554
500965227588
500965227592
500965227611
500965227627
500965227634
500965227637
500965227650
500965227666
500965227674
500965227675
500965227685
500965227710
500965227740
500965227747
500965227748
500965227765
500965227771
500965227775
500965227784
500965227797
500965227804
500965227814
500965227842
500965227844
500965227849
500965227856
500965227857
500965227858
500965227866
500965227870
500965227871
500965227872
500965227874
500965227886
500965227894
500965227902
500965227919
500965227930
500965227933
500965227937
500965227940
500965227944
500965227956
500965227959
500965227961
500965227965
500965227970
500965227976
500965227985
500965227989
