500965359017
500965359036
500965359040
500965359056
500965359086
500965359113
500965359137
500965359139
500965359141
500965359151
500965359174
500965359175
500965359186
500965359191
500965359205
500965359220
500965359224
500965359225
500965359229
500965359236
500965359243
500965359252
500965359254
500965359261
500965359276
500965359277
500965359280
500965359291
500965359297
500965359318
500965359319
500965359320
500965359323
500965359328
500965359333
500965359335
500965359358
500965359373
500965359376
500965359380
500965359384
500965359392
500965359404
500965359408
500965359418
500965359439
500965359440
500965359443
500965359445
500965359450
500965359454
500965359469
500965359471
500965359495
500965359499
500965359500
500965359516
500965359518
500965359531
500965359537
500965359544
500965359546
500965359556
500965359597
500965359618
500965359650
500965359678
500965359679
500965359685
500965359692
500965359703
500965359705
500965359706
500965359717
500965359723
500965359735
500965359750
500965359752
500965359757
500965359759
500965359780
500965359800
500965359812
500965359821
500965359827
500965359835
500965359837
500965359839
500965359853
500965359855
500965359861
500965359871
500965359883
500965359938
500965359945
500965359955
500965359962
500965359963
500965359966
500965359969
500965359973
500965359977
500965359983
500965359984
500965359989
500965359992
