500965453009
500965453012
500965453014
500965453015
500965453018
500965453026
500965453033
500965453037
500965453046
500965453061
500965453064
500965453080
500965453086
500965453091
500965453093
500965453094
500965453096
500965453103
500965453104
500965453109
500965453115
500965453116
500965453129
500965453132
500965453148
500965453152
500965453155
500965453188
500965453200
500965453204
500965453208
500965453209
500965453212
500965453216
500965453218
500965453220
500965453225
500965453226
500965453232
500965453234
500965453242
500965453246
500965453256
500965453267
500965453279
500965453284
500965453286
500965453292
500965453299
500965453303
500965453306
500965453308
500965453313
500965453321
500965453322
500965453335
500965453349
500965453351
500965453365
500965453368
500965453369
500965453380
500965453384
500965453386
500965453397
500965453404
500965453408
500965453411
500965453416
500965453422
500965453466
500965453471
500965453475
500965453498
500965453518
500965453528
500965453539
500965453570
500965453572
500965453574
500965453583
500965453604
500965453618
500965453619
500965453625
500965453626
500965453629
500965453632
500965453636
500965453640
500965453641
500965453645
500965453648
500965453655
500965453657
500965453658
500965453663
500965453667
500965453668
500965453672
500965453676
500965453694
500965453698
500965453702
500965453714
500965453718
500965453720
500965453750
500965453753
500965453754
500965453757
500965453761
500965453764
500965453770
500965453775
500965453780
500965453793
500965453802
500965453813
500965453819
500965453824
500965453829
500965453831
500965453836
500965453841
500965453843
500965453847
500965453850
500965453852
500965453857
500965453858
500965453862
500965453865
500965453868
500965453870
500965453872
500965453874
500965453877
500965453881
500965453883
500965453888
500965453892
500965453896
500965453916
500965453926
500965453938
500965453940
500965453942
500965453944
500965453951
500965453960
500965453977
500965453983
500965453990
500965453998
