500286630062
500286630068
500286630094
500286630109
500286630147
500286630181
500286630188
500286630234
500286630241
500286630247
500286630257
500286630263
500286630265
500286630298
500286630304
500286630313
500286630394
500286630432
500286630454
500286630472
500286630480
500286630490
500286630492
500286630533
500286630549
500286630562
500286630573
500286630585
500286630591
500286630645
500286630658
500286630698
500286630755
500286630774
500286630810
500286630819
500286630846
500286630851
500286630857
500286630858
500286630859
500286630871
500286630883
500286630894
500286630908
500286630939
500286630940
500286630969
500286630980
500286630982
