501021107018
501021107026
501021107029
501021107066
501021107078
501021107081
501021107084
501021107091
501021107107
501021107162
501021107175
501021107183
501021107185
501021107200
501021107208
501021107214
501021107229
501021107238
501021107253
501021107256
501021107276
501021107301
501021107307
501021107326
501021107340
501021107356
501021107358
501021107402
501021107417
501021107433
501021107437
501021107443
501021107448
501021107459
501021107464
501021107465
501021107486
501021107490
501021107496
501021107502
501021107538
501021107543
501021107557
501021107563
501021107580
501021107590
501021107695
501021107702
501021107705
501021107709
501021107713
501021107715
501021107721
501021107736
501021107741
501021107743
501021107755
501021107788
501021107790
501021107811
501021107814
501021107816
501021107819
501021107826
501021107835
501021107836
501021107859
501021107884
501021107908
501021107923
501021107953
501021107957
501021107965
501021107972
501021107992
