501021378015
501021378020
501021378022
501021378078
501021378088
501021378438
501021378443
501021378444
501021378464
501021378466
501021378534
501021378537
501021378540
501021378541
501021378544
501021378563
501021378564
501021378565
501021378566
501021378569
501021378664
501021378689
501021378702
501021378707
501021378737
501021378742
501021378747
501021378821
501021378823
501021378827
501021378833
501021378835
501021378837
501021378840
501021378857
501021378858
501021378862
501021378863
501021378866
501021378900
501021378922
501021378933
501021378938
501021378940
501021378946
501021378948
501021378949
501021378950
501021378952
501021378954
501021378955
501021378957
501021378958
501021378959
501021378961
501021378963
501021378964
501021378965
501021378966
501021378968
501021378970
501021378972
501021378975
501021378978
501021378981
501021378982
501021378985
501021378988
501021378992
