501021495013
501021495023
501021495027
501021495029
501021495048
501021495053
501021495092
501021495104
501021495113
501021495118
501021495135
501021495223
501021495227
501021495230
501021495235
501021495237
501021495241
501021495246
501021495250
501021495256
501021495257
501021495263
501021495268
501021495273
501021495275
501021495278
501021495285
501021495295
501021495300
501021495302
501021495304
501021495308
501021495310
501021495313
501021495320
501021495346
501021495356
501021495358
501021495359
501021495362
501021495366
501021495377
501021495442
501021495480
501021495485
501021495545
501021495588
501021495593
501021495600
501021495605
501021495613
501021495627
501021495628
501021495835
501021495846
501021495861
501021495864
501021495892
