501021738022
501021738024
501021738026
501021738028
501021738030
501021738032
501021738034
501021738036
501021738038
501021738042
501021738044
501021738046
501021738048
501021738050
501021738052
501021738054
501021738056
501021738058
501021738060
501021738062
501021738063
501021738065
501021738067
501021738069
501021738071
501021738073
501021738075
501021738077
501021738079
501021738081
501021738083
501021738186
501021738190
501021738194
501021738220
501021738222
501021738245
501021738267
501021738282
501021738325
501021738327
501021738328
501021738330
501021738332
501021738333
501021738344
501021738350
501021738395
501021738410
501021738412
501021738415
501021738422
501021738631
501021738638
501021738640
501021738671
501021738695
501021738706
501021738707
501021738709
501021738727
501021738767
501021738781
501021738879
501021738887
501021738898
501021738915
501021738919
501021738924
501021738931
501021738937
501021738938
501021738956
501021738958
501021738967
501021738977
501021738988
501021738995
