501120801038
501120801068
501120801126
501120801158
501120801166
501120801170
501120801173
501120801202
501120801211
501120801214
501120801226
501120801227
501120801270
501120801303
501120801401
501120801450
501120801463
501120801485
501120801506
501120801515
501120801565
501120801677
501120801718
501120801719
501120801720
501120801721
501120801726
501120801727
501120801728
501120801731
501120801732
501120801735
501120801765
501120801769
501120801782
501120801795
501120801814
501120801821
501120801833
501120801875
