501032145009
501032145028
501032145107
501032145178
501032145181
501032145182
501032145183
501032145198
501032145217
501032145226
501032145310
501032145336
501032145343
501032145346
501032145356
501032145384
501032145395
501032145426
501032145445
501032145470
501032145482
501032145486
501032145490
501032145522
501032145523
501032145566
501032145590
501032145593
501032145619
501032145627
501032145632
501032145657
501032145664
501032145679
501032145680
501032145713
501032145736
501032145738
501032145743
501032145745
501032145753
501032145810
501032145821
501032145832
501032145833
501032145842
501032145843
501032145844
501032145845
501032145851
501032145852
501032145855
501032145857
501032145893
501032145901
501032145920
501032145927
501032145929
501032145933
501032145935
501032145936
501032145941
501032145942
501032145944
501032145947
501032145954
501032145969
501032145972
501032145974
501032145980
