501032146004
501032146018
501032146021
501032146051
501032146075
501032146079
501032146107
501032146118
501032146135
501032146165
501032146181
501032146203
501032146206
501032146211
501032146282
501032146284
501032146296
501032146344
501032146345
501032146346
501032146347
501032146381
501032146385
501032146449
501032146458
501032146459
501032146480
501032146490
501032146494
501032146501
501032146531
501032146564
501032146589
501032146590
501032146606
501032146639
501032146651
501032146669
501032146784
501032146787
501032146791
501032146855
501032146858
501032146863
501032146890
501032146913
501032146955
501032146957
