501032175003
501032175033
501032175060
501032175067
501032175070
501032175072
501032175073
501032175082
501032175087
501032175092
501032175096
501032175098
501032175101
501032175104
501032175105
501032175108
501032175112
501032175120
501032175123
501032175124
501032175125
501032175127
501032175129
501032175131
501032175133
501032175134
501032175192
501032175196
501032175216
501032175227
501032175234
501032175282
501032175289
501032175317
501032175318
501032175319
501032175324
501032175327
501032175329
501032175340
501032175342
501032175343
501032175351
501032175353
501032175360
501032175362
501032175364
501032175370
501032175375
501032175379
501032175388
501032175403
501032175411
501032175415
501032175419
501032175421
501032175422
501032175427
501032175437
501032175457
501032175471
501032175472
501032175475
501032175485
501032175494
501032175496
501032175510
501032175511
501032175523
501032175543
501032175560
501032175565
501032175574
501032175659
501032175672
501032175674
501032175737
501032175738
501032175741
501032175782
501032175817
501032175842
501032175901
501032175925
501032175941
501032175971
501032175976
501032175986
