501032540006
501032540046
501032540064
501032540066
501032540074
501032540129
501032540132
501032540151
501032540161
501032540186
501032540219
501032540269
501032540285
501032540345
501032540351
501032540353
501032540365
501032540371
501032540377
501032540407
501032540418
501032540432
501032540438
501032540442
501032540455
501032540467
501032540470
501032540502
501032540521
501032540544
501032540545
501032540547
501032540548
501032540566
501032540567
501032540577
501032540591
501032540595
501032540608
501032540655
501032540688
501032540795
501032540816
501032540861
501032540874
501032540878
501032540889
501032540914
501032540920
501032540924
501032540943
501032540952
501032540955
501032540967
501032540970
