501032673029
501032673063
501032673066
501032673087
501032673110
501032673112
501032673119
501032673147
501032673182
501032673186
501032673188
501032673193
501032673197
501032673210
501032673214
501032673229
501032673242
501032673276
501032673278
501032673287
501032673534
501032673553
501032673590
501032673632
501032673652
501032673706
501032673712
501032673716
501032673721
501032673776
501032673777
501032673794
501032673816
501032673832
501032673845
501032673848
501032673851
501032673857
501032673911
501032673915
501032673930
501032673941
