500405005072
500405005149
500405005150
500405005300
500405005311
500405005370
500405005397
500405005480
500405005503
500405005516
500405005545
500405005559
500405005574
500405005575
500405005579
500405005599
500405005602
500405005609
500405005614
500405005624
500405005628
500405005633
500405005661
500405005699
500405005820
500405005823
500405005830
500405005841
500405005876
500405005900
500405005906
500405005927
500405005934
500405005941
500405005942
500405005954
500405005955
500405005965
500405005978
