500870311003
500870311037
500870311086
500870311127
500870311129
500870311132
500870311172
500870311366
500870311401
500870311434
500870311482
500870311495
500870311553
500870311583
500870311603
500870311653
500870311684
500870311772
500870311786
500870311856
500870311928
500870311003
500870311037
500870311086
500870311127
500870311129
500870311132
500870311172
500870311366
500870311401
500870311434
500870311482
500870311495
500870311553
500870311583
500870311603
500870311653
500870311684
500870311772
500870311786
500870311856
500870311928
