500870371018
500870371042
500870371053
500870371144
500870371185
500870371195
500870371288
500870371296
500870371337
500870371410
500870371507
500870371698
500870371710
500870371750
500870371774
500870371779
500870371780
500870371790
500870371805
500870371966
500870371018
500870371042
500870371053
500870371144
500870371185
500870371195
500870371288
500870371296
500870371337
500870371410
500870371507
500870371698
500870371710
500870371750
500870371774
500870371779
500870371780
500870371790
500870371805
500870371966
