500387942004
500387942053
500387942065
500387942067
500387942070
500387942072
500387942073
500387942147
500387942242
500387942253
500387942254
500387942299
500387942309
500387942320
500387942326
500387942329
500387942330
500387942336
500387942339
500387942342
500387942343
500387942346
500387942355
500387942359
500387942369
500387942372
500387942380
500387942389
500387942391
500387942397
500387942398
500387942403
500387942413
500387942415
500387942420
500387942442
500387942450
500387942457
500387942473
500387942476
500387942498
500387942608
500387942742
500387942935
