501037162011
501037162013
501037162014
501037162128
501037162148
501037162202
501037162203
501037162206
501037162226
501037162237
501037162241
501037162247
501037162290
501037162312
501037162380
501037162387
501037162390
501037162436
501037162459
501037162462
501037162473
501037162480
501037162494
501037162497
501037162500
501037162507
501037162511
501037162516
501037162518
501037162525
501037162582
501037162599
501037162604
501037162655
501037162673
501037162674
501037162684
501037162730
501037162737
501037162810
501037162850
501037162872
501037162884
501037162897
501037162923
501037162928
501037162974
501037162998
