501037255001
501037255006
501037255008
501037255062
501037255091
501037255100
501037255108
501037255128
501037255130
501037255131
501037255134
501037255146
501037255152
501037255187
501037255192
501037255202
501037255229
501037255257
501037255266
501037255312
501037255321
501037255338
501037255343
501037255369
501037255371
501037255372
501037255386
501037255400
501037255410
501037255419
501037255439
501037255472
501037255521
501037255530
501037255539
501037255545
501037255567
501037255570
501037255581
501037255610
501037255614
501037255618
501037255650
501037255651
501037255653
501037255665
501037255678
501037255702
501037255708
501037255733
501037255768
501037255770
501037255780
501037255786
501037255788
501037255789
501037255795
501037255802
501037255815
501037255818
501037255822
501037255825
501037255828
501037255832
501037255837
501037255838
501037255859
501037255865
501037255867
501037255879
501037255889
501037255916
501037255943
501037255952
