501037519029
501037519030
501037519036
501037519068
501037519122
501037519148
501037519150
501037519152
501037519163
501037519205
501037519228
501037519252
501037519255
501037519272
501037519273
501037519297
501037519370
501037519392
501037519394
501037519411
501037519432
501037519447
501037519469
501037519489
501037519595
501037519629
501037519635
501037519646
501037519660
501037519662
501037519675
501037519681
501037519697
501037519707
501037519727
501037519753
501037519754
501037519792
501037519806
501037519808
501037519810
501037519832
501037519833
501037519849
501037519949
501037519959
501037519969
501037519996
