501037628019
501037628024
501037628029
501037628032
501037628101
501037628111
501037628151
501037628154
501037628155
501037628169
501037628173
501037628192
501037628210
501037628223
501037628290
501037628376
501037628479
501037628480
501037628481
501037628489
501037628493
501037628542
501037628543
501037628561
501037628580
501037628584
501037628600
501037628644
501037628668
501037628697
501037628737
501037628749
501037628771
501037628803
501037628864
501037628930
501037628959
501037628960
501037628966
501037628984
