501037914000
501037914131
501037914154
501037914156
501037914161
501037914170
501037914228
501037914236
501037914397
501037914435
501037914460
501037914541
501037914568
501037914580
501037914604
501037914608
501037914610
501037914617
501037914621
501037914645
501037914648
501037914658
501037914662
501037914674
501037914681
501037914688
501037914689
501037914706
501037914708
501037914709
501037914714
501037914727
501037914747
501037914777
501037914798
501037914799
501037914801
501037914805
501037914813
501037914817
501037914822
501037914823
501037914826
501037914831
501037914833
501037914834
501037914837
501037914840
501037914852
501037914921
501037914939
501037914989
501037914991
501037914994
501037914998
