500898297039
500898297052
500898297068
500898297142
500898297216
500898297223
500898297248
500898297257
500898297259
500898297304
500898297311
500898297415
500898297448
500898297463
500898297473
500898297615
500898297646
500898297685
500898297712
500898297715
500898297739
500898297744
500898297753
500898297782
500898297788
500898297790
500898297823
500898297841
500898297859
500898297863
500898297908
500898297920
500898297923
500898297971
500898297975
500898297977
500898297981
500898297982
500898297987
500898297999
