500966204014
500966204015
500966204017
500966204037
500966204047
500966204053
500966204059
500966204066
500966204077
500966204079
500966204101
500966204103
500966204125
500966204127
500966204128
500966204130
500966204138
500966204142
500966204153
500966204162
500966204190
500966204214
500966204215
500966204225
500966204228
500966204230
500966204234
500966204245
500966204251
500966204254
500966204265
500966204271
500966204285
500966204288
500966204290
500966204317
500966204328
500966204330
500966204332
500966204362
500966204390
500966204401
500966204410
500966204419
500966204421
500966204432
500966204433
500966204442
500966204443
500966204465
500966204467
500966204468
500966204480
500966204481
500966204505
500966204511
500966204517
500966204520
500966204574
500966204587
500966204591
500966204603
500966204605
500966204612
500966204628
500966204632
500966204682
500966204712
500966204713
500966204720
500966204723
500966204794
500966204799
500966204821
500966204856
500966204925
500966204948
500966204958
500966204962
500966204985
500966204991
