500966415003
500966415005
500966415022
500966415023
500966415036
500966415050
500966415054
500966415061
500966415077
500966415079
500966415087
500966415114
500966415117
500966415146
500966415161
500966415194
500966415202
500966415238
500966415240
500966415255
500966415273
500966415286
500966415313
500966415315
500966415330
500966415331
500966415361
500966415362
500966415366
500966415378
500966415381
500966415388
500966415413
500966415424
500966415427
500966415429
500966415434
500966415436
500966415440
500966415664
500966415715
500966415726
500966415747
500966415796
500966415809
500966415847
500966415849
500966415851
500966415855
500966415858
500966415861
500966415885
500966415887
500966415891
500966415897
500966415915
500966415918
500966415920
500966415921
500966415949
500966415956
500966415959
500966415963
500966415968
500966415970
500966415975
500966415977
500966415979
500966415985
500966415990
500966415994
500966415996
