500966537043
500966537142
500966537144
500966537164
500966537169
500966537171
500966537172
500966537200
500966537206
500966537257
500966537261
500966537278
500966537286
500966537300
500966537350
500966537356
500966537358
500966537360
500966537378
500966537379
500966537385
500966537390
500966537444
500966537447
500966537456
500966537459
500966537476
500966537477
500966537484
500966537504
500966537509
500966537513
500966537523
500966537530
500966537531
500966537534
500966537535
500966537542
500966537547
500966537602
500966537613
500966537614
500966537624
500966537632
500966537642
500966537666
500966537675
500966537679
500966537681
500966537695
500966537705
500966537716
500966537718
500966537725
500966537803
500966537804
500966537807
