500966767002
500966767011
500966767027
500966767039
500966767048
500966767074
500966767093
500966767094
500966767095
500966767098
500966767106
500966767116
500966767117
500966767120
500966767122
500966767124
500966767131
500966767137
500966767141
500966767151
500966767153
500966767158
500966767165
500966767171
500966767175
500966767179
500966767184
500966767199
500966767205
500966767207
500966767211
500966767213
500966767217
500966767219
500966767221
500966767223
500966767241
500966767245
500966767246
500966767258
500966767264
500966767277
500966767281
500966767293
500966767296
500966767297
500966767302
500966767312
500966767319
500966767324
500966767328
500966767331
500966767335
500966767343
500966767349
500966767351
500966767353
500966767363
500966767369
500966767377
500966767385
500966767411
500966767412
500966767424
500966767430
500966767438
500966767444
500966767456
500966767457
500966767458
500966767459
500966767461
500966767468
500966767471
500966767475
500966767490
500966767500
500966767508
500966767515
500966767519
500966767521
500966767535
500966767538
500966767539
500966767547
500966767589
500966767591
500966767597
500966767638
500966767641
500966767647
500966767677
500966767694
500966767696
500966767706
500966767730
500966767743
500966767747
500966767748
500966767750
500966767762
500966767768
500966767776
500966767778
500966767791
500966767795
500966767796
500966767800
500966767807
500966767809
500966767814
500966767816
500966767838
500966767852
500966767856
500966767868
500966767871
500966767879
500966767898
500966767901
500966767903
500966767904
500966767907
500966767911
500966767912
500966767914
500966767915
500966767917
500966767918
500966767932
500966767935
500966767938
500966767941
500966767950
500966767956
500966767965
500966767971
500966767978
500966767986
500966767991
500966767996
