500855220010
500855220021
500855220032
500855220043
500855220054
500855220065
500855220076
500855220087
500855220098
500855220109
500855220121
500855220132
500855220143
500855220154
500855220165
500855220176
500855220187
500855220198
500855220209
500855220220
500855220231
500855220400
500855220412
500855220424
500855220435
500855220446
500855220457
500855220468
500855220480
500855220491
500855220502
500855220513
500855220524
500855220535
500855220546
500855220558
500855220569
500855220629
500855220641
500855220653
