500005330008
500005330042
500005330070
500005330086
500005330104
500005330171
500005330181
500005330196
500005330211
500005330234
500005330243
500005330244
500005330257
500005330270
500005330271
500005330278
500005330304
500005330313
500005330324
500005330368
500005330377
500005330385
500005330386
500005330402
500005330403
500005330412
500005330420
500005330461
500005330464
500005330478
500005330479
500005330480
500005330483
500005330495
500005330499
500005330500
500005330503
500005330515
500005330517
500005330531
500005330545
500005330557
500005330589
500005330604
500005330627
500005330652
500005330658
500005330677
500005330686
500005330695
500005330702
500005330748
500005330754
500005330759
500005330797
500005330898
500005330933
500005330942
500005330950
500005330995
