500005719005
500005719012
500005719014
500005719017
500005719021
500005719023
500005719026
500005719031
500005719035
500005719039
500005719043
500005719050
500005719061
500005719064
500005719078
500005719080
500005719087
500005719101
500005719108
500005719114
500005719126
500005719183
500005719189
500005719205
500005719230
500005719231
500005719236
500005719246
500005719248
500005719249
500005719256
500005719257
500005719282
500005719283
500005719306
500005719312
500005719346
500005719351
500005719362
500005719370
500005719377
500005719399
500005719403
500005719406
500005719423
500005719427
500005719437
500005719441
500005719477
500005719490
500005719492
500005719493
500005719494
500005719498
500005719524
500005719570
500005719580
500005719582
500005719588
500005719631
500005719638
500005719680
500005719686
500005719691
500005719698
500005719718
500005719748
500005719754
500005719767
500005719773
500005719783
500005719824
500005719856
500005719858
500005719865
500005719875
500005719876
500005719893
500005719904
500005719921
500005719922
500005719940
500005719944
500005719951
500005719969
500005719972
500005719978
