500005883003
500005883014
500005883128
500005883139
500005883149
500005883154
500005883169
500005883178
500005883181
500005883182
500005883186
500005883206
500005883216
500005883224
500005883234
500005883278
500005883282
500005883345
500005883371
500005883422
500005883425
500005883442
500005883443
500005883459
500005883469
500005883474
500005883518
500005883566
500005883584
500005883590
500005883617
500005883624
500005883635
500005883637
500005883648
500005883694
500005883701
500005883919
500005883926
500005883954
500005883957
500005883969
500005883995
500005883996
