500005974005
500005974009
500005974017
500005974024
500005974026
500005974031
500005974060
500005974084
500005974103
500005974106
500005974151
500005974211
500005974292
500005974340
500005974383
500005974435
500005974477
500005974486
500005974499
500005974506
500005974507
500005974544
500005974552
500005974572
500005974580
500005974607
500005974615
500005974625
500005974627
500005974638
500005974706
500005974733
500005974772
500005974835
500005974866
500005974880
500005974904
500005974912
500005974916
500005974921
500005974928
500005974931
500005974933
500005974977
500005974999
