500383631000
500383631079
500383631092
500383631114
500383631206
500383631210
500383631222
500383631310
500383631313
500383631319
500383631332
500383631340
500383631366
500383631372
500383631378
500383631387
500383631390
500383631393
500383631405
500383631416
500383631420
500383631431
500383631433
500383631441
500383631464
500383631567
500383631609
500383631615
500383631649
500383631657
500383631663
500383631667
500383631670
500383631736
500383631742
500383631749
500383631753
500383631754
500383631756
500383631758
500383631760
500383631761
500383631765
500383631770
500383631771
500383631778
500383631783
500383631794
500383631807
500383631821
500383631827
500383631828
500383631895
500383631926
500383631956
