500930456012
500930456022
500930456033
500930456040
500930456059
500930456099
500930456107
500930456114
500930456133
500930456149
500930456179
500930456190
500930456192
500930456202
500930456204
500930456225
500930456250
500930456265
500930456272
500930456278
500930456282
500930456286
500930456291
500930456350
500930456353
500930456357
500930456359
500930456364
500930456365
500930456372
500930456416
500930456437
500930456440
500930456456
500930456467
500930456473
500930456484
500930456487
500930456490
500930456493
500930456512
500930456533
500930456535
500930456538
500930456551
500930456557
500930456561
500930456568
500930456570
500930456575
500930456578
500930456587
500930456590
500930456594
500930456597
500930456599
500930456607
500930456608
500930456613
500930456619
500930456627
500930456634
500930456635
500930456644
500930456649
500930456656
500930456664
500930456666
500930456669
500930456676
500930456683
500930456697
500930456704
500930456714
500930456716
500930456738
500930456746
500930456749
500930456752
500930456770
500930456772
500930456784
500930456791
500930456803
500930456815
500930456817
500930456836
500930456842
500930456864
500930456867
500930456878
500930456889
500930456931
500930456946
500930456970
500930456971
500930456974
500930456981
500930456983
500930456989
500930456993
500930456994
