500930479017
500930479027
500930479034
500930479048
500930479051
500930479083
500930479092
500930479098
500930479125
500930479131
500930479132
500930479163
500930479171
500930479173
500930479190
500930479194
500930479197
500930479203
500930479206
500930479207
500930479223
500930479225
500930479237
500930479238
500930479242
500930479247
500930479250
500930479252
500930479255
500930479267
500930479273
500930479275
500930479291
500930479293
500930479296
500930479304
500930479316
500930479352
500930479359
500930479363
500930479369
500930479370
500930479377
500930479383
500930479385
500930479394
500930479408
500930479413
500930479416
500930479418
500930479425
500930479426
500930479428
500930479439
500930479460
500930479468
500930479491
500930479510
500930479520
500930479537
500930479549
500930479557
500930479561
500930479575
500930479578
500930479584
500930479585
500930479587
500930479608
500930479620
500930479645
500930479658
500930479668
500930479677
500930479711
500930479713
500930479715
500930479723
500930479735
500930479752
500930479754
500930479764
500930479765
500930479766
500930479772
500930479775
500930479789
500930479793
500930479798
500930479804
500930479810
500930479834
500930479850
500930479852
500930479880
500930479887
500930479890
500930479903
500930479921
500930479925
500930479929
500930479931
500930479950
500930479953
500930479955
500930479965
500930479971
500930479981
500930479985
500930479990
500930479994
500930479997
500930479999
