500930491000
500930491003
500930491022
500930491024
500930491029
500930491031
500930491071
500930491074
500930491103
500930491104
500930491117
500930491123
500930491153
500930491155
500930491173
500930491195
500930491198
500930491199
500930491210
500930491212
500930491238
500930491241
500930491242
500930491249
500930491275
500930491303
500930491310
500930491331
500930491335
500930491355
500930491357
500930491361
500930491363
500930491372
500930491373
500930491374
500930491375
500930491381
500930491382
500930491405
500930491420
500930491431
500930491432
500930491442
500930491451
500930491455
500930491460
500930491462
500930491482
500930491484
500930491488
500930491498
500930491499
500930491503
500930491511
500930491525
500930491529
500930491531
500930491533
500930491535
500930491537
500930491541
500930491546
500930491557
500930491567
500930491572
500930491578
500930491580
500930491584
500930491588
500930491590
500930491592
500930491593
500930491597
500930491601
500930491602
500930491633
500930491636
500930491666
500930491676
500930491693
500930491700
500930491702
500930491732
500930491737
500930491748
500930491753
500930491772
500930491792
500930491795
500930491803
500930491822
500930491824
500930491829
500930491835
500930491838
500930491847
500930491851
500930491856
500930491866
500930491868
500930491893
500930491894
500930491906
500930491912
500930491916
500930491935
500930491942
500930491946
500930491951
500930491955
500930491956
500930491967
500930491982
