500930532039
500930532045
500930532048
500930532058
500930532059
500930532074
500930532076
500930532089
500930532107
500930532110
500930532141
500930532142
500930532184
500930532215
500930532257
500930532259
500930532287
500930532294
500930532304
500930532314
500930532358
500930532367
500930532371
500930532390
500930532420
500930532426
500930532437
500930532439
500930532441
500930532445
500930532448
500930532457
500930532464
500930532473
500930532489
500930532493
500930532504
500930532514
500930532546
500930532564
500930532566
500930532572
500930532582
500930532597
500930532602
500930532605
500930532606
500930532610
500930532621
500930532628
500930532631
500930532643
500930532644
500930532648
500930532652
500930532703
500930532707
500930532733
500930532734
500930532794
500930532800
500930532802
500930532813
500930532816
500930532823
500930532825
500930532830
500930532842
500930532846
500930532851
500930532854
500930532872
500930532907
500930532910
500930532921
500930532933
500930532935
500930532936
500930532937
500930532969
500930532977
500930532987
