500930635016
500930635017
500930635021
500930635028
500930635033
500930635064
500930635072
500930635079
500930635090
500930635092
500930635100
500930635114
500930635121
500930635138
500930635143
500930635146
500930635148
500930635149
500930635157
500930635180
500930635183
500930635218
500930635224
500930635231
500930635259
500930635269
500930635286
500930635289
500930635294
500930635296
500930635321
500930635353
500930635401
500930635410
500930635425
500930635469
500930635483
500930635490
500930635494
500930635513
500930635528
500930635537
500930635539
500930635552
500930635565
500930635569
500930635587
500930635598
500930635604
500930635611
500930635620
500930635638
500930635640
500930635650
500930635670
500930635724
500930635737
500930635743
500930635750
500930635758
500930635760
500930635769
500930635776
500930635779
500930635801
500930635831
500930635838
500930635856
500930635867
500930635880
500930635899
500930635921
500930635922
500930635955
500930635956
500930635965
500930635968
500930635990
