500930747007
500930747017
500930747020
500930747021
500930747033
500930747037
500930747060
500930747063
500930747066
500930747083
500930747090
500930747095
500930747107
500930747108
500930747120
500930747121
500930747124
500930747129
500930747134
500930747141
500930747162
500930747170
500930747198
500930747207
500930747216
500930747223
500930747232
500930747238
500930747250
500930747254
500930747260
500930747262
500930747272
500930747280
500930747284
500930747288
500930747290
500930747295
500930747296
500930747299
500930747302
500930747303
500930747307
500930747310
500930747315
500930747321
500930747341
500930747365
500930747372
500930747373
500930747382
500930747385
500930747407
500930747421
500930747428
500930747431
500930747435
500930747436
500930747442
500930747447
500930747458
500930747462
500930747477
500930747532
500930747535
500930747537
500930747539
500930747556
500930747565
500930747575
500930747578
500930747583
500930747593
500930747594
500930747596
500930747600
500930747602
500930747616
500930747651
500930747653
500930747655
500930747665
500930747672
500930747680
500930747693
500930747700
500930747703
500930747710
500930747725
500930747728
500930747731
500930747737
500930747749
500930747752
500930747759
500930747794
500930747796
500930747804
500930747828
500930747834
500930747837
500930747852
500930747868
500930747872
500930747876
500930747880
500930747882
500930747915
500930747949
500930747951
500930747989
500930747991
