500993013003
500993013005
500993013013
500993013018
500993013025
500993013027
500993013029
500993013035
500993013043
500993013047
500993013053
500993013062
500993013065
500993013066
500993013092
500993013106
500993013121
500993013128
500993013132
500993013136
500993013153
500993013155
500993013159
500993013163
500993013165
500993013167
500993013168
500993013173
500993013180
500993013186
500993013188
500993013215
500993013230
500993013231
500993013259
500993013262
500993013263
500993013274
500993013300
500993013304
500993013312
500993013320
500993013346
500993013359
500993013361
500993013375
500993013391
500993013394
500993013405
500993013417
500993013424
500993013426
500993013447
500993013456
500993013462
500993013471
500993013477
500993013508
500993013511
500993013514
500993013515
500993013537
500993013570
500993013593
500993013597
500993013599
500993013600
500993013651
500993013652
500993013658
500993013673
500993013677
500993013686
500993013688
500993013697
500993013698
500993013703
500993013709
500993013753
500993013770
500993013781
500993013787
500993013805
500993013831
500993013852
500993013884
500993013887
500993013901
500993013919
500993013923
500993013944
500993013956
500993013959
500993013979
