500993022003
500993022008
500993022018
500993022020
500993022023
500993022026
500993022031
500993022033
500993022036
500993022038
500993022042
500993022044
500993022074
500993022091
500993022112
500993022120
500993022130
500993022138
500993022179
500993022185
500993022190
500993022207
500993022236
500993022238
500993022244
500993022270
500993022276
500993022287
500993022311
500993022322
500993022327
500993022333
500993022350
500993022369
500993022375
500993022389
500993022392
500993022396
500993022404
500993022428
500993022434
500993022440
500993022446
500993022470
500993022479
500993022481
500993022496
500993022529
500993022536
500993022619
500993022624
500993022644
500993022646
500993022649
500993022762
500993022779
500993022789
500993022791
500993022806
500993022822
500993022837
500993022854
500993022862
500993022878
500993022882
500993022884
500993022903
500993022919
500993022927
500993022928
500993022930
500993022934
500993022936
500993022955
500993022957
500993022964
500993022971
500993022998
