500993223028
500993223054
500993223056
500993223060
500993223075
500993223079
500993223087
500993223094
500993223104
500993223135
500993223139
500993223148
500993223150
500993223161
500993223163
500993223172
500993223191
500993223195
500993223197
500993223198
500993223202
500993223208
500993223218
500993223220
500993223232
500993223242
500993223268
500993223270
500993223273
500993223275
500993223302
500993223347
500993223350
500993223372
500993223377
500993223396
500993223399
500993223406
500993223412
500993223416
500993223418
500993223420
500993223454
500993223457
500993223459
500993223465
500993223467
500993223471
500993223473
500993223476
500993223481
500993223495
500993223515
500993223544
500993223557
500993223566
500993223568
500993223569
500993223595
500993223617
500993223620
500993223634
500993223639
500993223647
500993223678
500993223692
500993223710
500993223718
500993223720
500993223725
500993223732
500993223734
500993223755
500993223763
500993223767
500993223779
500993223780
500993223786
500993223791
500993223797
500993223802
500993223811
500993223840
500993223843
500993223852
500993223894
500993223899
500993223907
500993223912
500993223918
500993223921
500993223925
500993223943
500993223981
500993223999
