500993396001
500993396010
500993396016
500993396021
500993396023
500993396047
500993396049
500993396052
500993396114
500993396137
500993396140
500993396150
500993396152
500993396182
500993396205
500993396215
500993396229
500993396247
500993396257
500993396263
500993396267
500993396288
500993396296
500993396309
500993396311
500993396313
500993396321
500993396341
500993396343
500993396378
500993396391
500993396412
500993396420
500993396430
500993396432
500993396440
500993396442
500993396459
500993396461
500993396469
500993396472
500993396475
500993396482
500993396483
500993396496
500993396546
500993396547
500993396577
500993396587
500993396590
500993396591
500993396612
500993396620
500993396631
500993396641
500993396649
500993396653
500993396659
500993396668
500993396672
500993396681
500993396686
500993396690
500993396692
500993396693
500993396741
500993396777
500993396781
500993396800
500993396802
500993396814
500993396823
500993396824
500993396830
500993396834
500993396837
500993396838
500993396843
500993396892
500993396908
500993396921
500993396928
