500993404014
500993404016
500993404040
500993404045
500993404060
500993404084
500993404086
500993404087
500993404096
500993404097
500993404098
500993404102
500993404103
500993404136
500993404149
500993404162
500993404167
500993404172
500993404173
500993404176
500993404180
500993404181
500993404185
500993404186
500993404190
500993404195
500993404209
500993404210
500993404214
500993404224
500993404239
500993404241
500993404245
500993404249
500993404253
500993404276
500993404280
500993404327
500993404329
500993404353
500993404357
500993404396
500993404408
500993404416
500993404420
500993404422
500993404437
500993404453
500993404455
500993404459
500993404470
500993404479
500993404485
500993404544
500993404546
500993404557
500993404560
500993404565
500993404574
500993404583
500993404601
500993404602
500993404607
500993404611
500993404632
500993404640
500993404659
500993404661
500993404664
500993404668
500993404669
500993404670
500993404688
500993404698
500993404702
500993404705
500993404723
500993404726
500993404756
500993404763
500993404786
500993404800
500993404848
500993404852
500993404855
500993404860
500993404869
500993404901
500993404908
500993404924
500993404926
500993404944
500993404958
500993404963
500993404990
