500993536008
500993536014
500993536017
500993536023
500993536024
500993536040
500993536045
500993536049
500993536050
500993536055
500993536056
500993536058
500993536069
500993536071
500993536075
500993536080
500993536082
500993536132
500993536147
500993536150
500993536154
500993536155
500993536158
500993536166
500993536206
500993536215
500993536219
500993536239
500993536274
500993536276
500993536284
500993536293
500993536308
500993536311
500993536322
500993536339
500993536343
500993536347
500993536351
500993536353
500993536366
500993536368
500993536390
500993536395
500993536442
500993536456
500993536462
500993536479
500993536543
500993536574
500993536584
500993536585
500993536604
500993536611
500993536663
500993536673
500993536675
500993536685
500993536709
500993536711
500993536736
500993536738
500993536749
500993536759
500993536767
500993536773
500993536779
500993536780
500993536785
500993536787
500993536791
500993536793
500993536831
500993536862
500993536875
500993536876
500993536878
500993536902
500993536904
500993536912
500993536918
500993536923
500993536932
500993536940
500993536950
500993536952
500993536966
500993536974
