500993558003
500993558015
500993558016
500993558022
500993558086
500993558104
500993558118
500993558123
500993558125
500993558129
500993558135
500993558143
500993558145
500993558148
500993558170
500993558172
500993558178
500993558196
500993558203
500993558220
500993558248
500993558252
500993558257
500993558261
500993558263
500993558280
500993558283
500993558312
500993558325
500993558345
500993558348
500993558349
500993558369
500993558378
500993558394
500993558405
500993558413
500993558417
500993558429
500993558433
500993558437
500993558441
500993558444
500993558458
500993558459
500993558460
500993558509
500993558512
500993558514
500993558515
500993558516
500993558537
500993558543
500993558552
500993558567
500993558572
500993558579
500993558600
500993558601
500993558608
500993558617
500993558619
500993558622
500993558624
500993558632
500993558639
500993558662
500993558663
500993558664
500993558666
500993558669
500993558672
500993558675
500993558680
500993558682
500993558684
500993558686
500993558688
500993558712
500993558743
500993558746
500993558750
500993558759
500993558768
500993558779
500993558795
500993558812
500993558819
500993558840
500993558843
500993558847
500993558854
500993558860
500993558886
500993558888
500993558894
500993558896
500993558906
500993558908
500993558914
500993558916
500993558930
500993558943
500993558945
500993558946
500993558950
500993558952
500993558959
500993558962
500993558978
500993558987
500993558988
