500993647035
500993647047
500993647052
500993647066
500993647076
500993647077
500993647084
500993647086
500993647087
500993647092
500993647093
500993647095
500993647108
500993647123
500993647125
500993647144
500993647148
500993647158
500993647170
500993647195
500993647198
500993647205
500993647244
500993647251
500993647252
500993647259
500993647269
500993647273
500993647280
500993647281
500993647283
500993647285
500993647287
500993647294
500993647311
500993647353
500993647354
500993647356
500993647357
500993647362
500993647378
500993647391
500993647401
500993647422
500993647423
500993647433
500993647439
500993647444
500993647451
500993647461
500993647465
500993647473
500993647476
500993647492
500993647537
500993647541
500993647545
500993647552
500993647553
500993647560
500993647621
500993647627
500993647643
500993647651
500993647657
500993647670
500993647675
500993647676
500993647679
500993647680
500993647685
500993647688
500993647698
500993647705
500993647706
500993647709
500993647712
500993647716
500993647720
500993647743
500993647754
500993647768
500993647771
500993647784
500993647787
500993647793
500993647809
500993647810
500993647827
500993647836
500993647850
500993647853
500993647871
500993647916
500993647922
500993647924
500993647940
500993647942
500993647954
500993647957
500993647963
500993647964
500993647971
500993647985
