500993655004
500993655011
500993655021
500993655028
500993655029
500993655041
500993655048
500993655061
500993655070
500993655073
500993655091
500993655114
500993655117
500993655135
500993655148
500993655154
500993655171
500993655196
500993655202
500993655205
500993655220
500993655224
500993655228
500993655237
500993655271
500993655286
500993655308
500993655323
500993655326
500993655328
500993655348
500993655357
500993655369
500993655372
500993655375
500993655377
500993655399
500993655408
500993655413
500993655415
500993655419
500993655440
500993655443
500993655469
500993655477
500993655478
500993655480
500993655490
500993655502
500993655508
500993655527
500993655537
500993655539
500993655541
500993655605
500993655607
500993655621
500993655627
500993655635
500993655638
500993655647
500993655663
500993655670
500993655679
500993655693
500993655698
500993655704
500993655712
500993655713
500993655717
500993655741
500993655749
500993655763
500993655765
500993655776
500993655787
500993655793
500993655798
500993655801
500993655820
500993655822
500993655827
500993655879
500993655890
500993655901
500993655903
500993655905
500993655920
500993655932
500993655938
500993655947
500993655957
500993655961
500993655965
500993655975
500993655980
500993655989
500993655991
500993655995
500993655999
