500993721002
500993721007
500993721017
500993721033
500993721083
500993721093
500993721102
500993721114
500993721144
500993721153
500993721157
500993721158
500993721165
500993721181
500993721222
500993721223
500993721225
500993721328
500993721330
500993721333
500993721335
500993721364
500993721373
500993721391
500993721392
500993721394
500993721415
500993721429
500993721436
500993721466
500993721480
500993721495
500993721496
500993721498
500993721502
500993721504
500993721509
500993721513
500993721516
500993721517
500993721519
500993721590
500993721615
500993721624
500993721644
500993721656
500993721689
500993721691
500993721693
500993721696
500993721697
500993721714
500993721720
500993721807
500993721813
500993721823
500993721853
500993721856
500993721884
500993721895
500993721926
500993721934
500993721944
500993721945
500993721954
500993721955
500993721969
500993721983
500993721987
500993721989
