500993962000
500993962021
500993962045
500993962069
500993962073
500993962076
500993962095
500993962148
500993962154
500993962197
500993962207
500993962224
500993962234
500993962256
500993962271
500993962276
500993962282
500993962285
500993962322
500993962333
500993962337
500993962376
500993962378
500993962381
500993962413
500993962416
500993962421
500993962435
500993962445
500993962469
500993962497
500993962506
500993962508
500993962511
500993962516
500993962544
500993962545
500993962557
500993962562
500993962565
500993962575
500993962579
500993962609
500993962655
500993962663
500993962691
500993962693
500993962698
500993962699
500993962702
500993962704
500993962706
500993962732
500993962734
500993962766
500993962773
500993962798
500993962815
500993962827
500993962858
500993962946
500993962968
