500954116000
500954116016
500954116017
500954116022
500954116029
500954116044
500954116049
500954116053
500954116055
500954116058
500954116064
500954116065
500954116066
500954116068
500954116089
500954116097
500954116102
500954116106
500954116108
500954116110
500954116114
500954116116
500954116120
500954116124
500954116148
500954116158
500954116164
500954116165
500954116167
500954116168
500954116173
500954116175
500954116178
500954116183
500954116190
500954116194
500954116197
500954116200
500954116201
500954116205
500954116214
500954116229
500954116264
500954116270
500954116273
500954116275
500954116277
500954116288
500954116311
500954116315
500954116317
500954116325
500954116350
500954116361
500954116366
500954116369
500954116371
500954116375
500954116376
500954116390
500954116397
500954116402
500954116410
500954116425
500954116429
500954116482
500954116486
500954116489
500954116494
500954116496
500954116499
500954116504
500954116509
500954116512
500954116514
500954116515
500954116547
500954116552
500954116554
500954116556
500954116557
500954116560
500954116568
500954116582
500954116587
500954116589
500954116591
500954116603
500954116615
500954116628
500954116637
500954116639
500954116658
500954116660
500954116663
500954116664
500954116672
500954116676
500954116679
500954116690
500954116692
500954116695
500954116706
500954116715
500954116732
500954116761
500954116762
500954116769
500954116784
500954116785
500954116793
500954116804
500954116806
500954116807
500954116809
500954116817
500954116825
500954116828
500954116832
500954116839
500954116841
500954116857
500954116859
500954116870
500954116871
500954116879
500954116886
500954116894
500954116895
500954116897
500954116903
500954116904
500954116917
500954116923
500954116926
500954116935
500954116943
500954116958
500954116962
500954116967
500954116969
500954116970
500954116973
500954116977
