500954145331
500954145356
500954145357
500954145366
500954145368
500954145376
500954145379
500954145380
500954145389
500954145396
500954145401
500954145407
500954145415
500954145416
500954145418
500954145440
500954145441
500954145455
500954145458
500954145467
500954145471
500954145523
500954145529
500954145541
500954145545
500954145549
500954145552
500954145554
500954145566
500954145572
500954145573
500954145578
500954145591
500954145616
500954145618
500954145622
500954145625
500954145645
500954145649
500954145651
500954145669
500954145671
500954145689
500954145696
500954145718
500954145721
500954145729
500954145760
500954145768
500954145776
500954145780
500954145802
500954145808
500954145811
500954145812
500954145815
500954145821
500954145826
500954145836
500954145842
500954145862
500954145866
500954145867
500954145890
500954145894
500954145904
500954145916
500954145923
500954145935
500954145939
500954145940
500954145947
500954145951
500954145955
500954145958
500954145959
500954145966
500954145969
500954145971
500954145984
500954145989
