500954224004
500954224011
500954224013
500954224014
500954224018
500954224023
500954224049
500954224052
500954224054
500954224056
500954224065
500954224067
500954224068
500954224071
500954224074
500954224084
500954224085
500954224088
500954224105
500954224113
500954224130
500954224133
500954224136
500954224153
500954224159
500954224161
500954224165
500954224175
500954224179
500954224183
500954224194
500954224202
500954224218
500954224232
500954224242
500954224247
500954224249
500954224251
500954224263
500954224266
500954224268
500954224288
500954224312
500954224315
500954224326
500954224332
500954224351
500954224395
500954224397
500954224405
500954224407
500954224410
500954224417
500954224441
500954224445
500954224463
500954224466
500954224470
500954224471
500954224472
500954224474
500954224481
500954224484
500954224486
500954224508
500954224517
500954224528
500954224533
500954224563
500954224564
500954224576
500954224581
500954224586
500954224590
500954224597
500954224599
500954224600
500954224601
500954224602
500954224607
500954224620
500954224623
500954224637
500954224639
500954224647
500954224689
500954224692
500954224705
500954224717
500954224718
500954224733
500954224757
500954224758
500954224759
500954224763
500954224770
500954224771
500954224786
500954224792
500954224801
500954224804
500954224806
500954224818
500954224819
500954224820
500954224822
500954224828
500954224866
500954224870
500954224871
500954224873
500954224875
500954224878
500954224880
500954224882
500954224885
500954224886
500954224894
500954224896
500954224897
500954224902
500954224904
500954224909
500954224912
500954224913
500954224922
500954224923
500954224938
500954224947
500954224951
500954224958
500954224968
500954224982
500954224987
