500954394324
500954394326
500954394331
500954394335
500954394359
500954394369
500954394375
500954394389
500954394400
500954394408
500954394420
500954394427
500954394435
500954394437
500954394441
500954394475
500954394480
500954394486
500954394489
500954394493
500954394494
500954394501
500954394505
500954394507
500954394508
500954394576
500954394579
500954394593
500954394594
500954394600
500954394609
500954394611
500954394613
500954394615
500954394628
500954394654
500954394688
500954394691
500954394693
500954394706
500954394716
500954394718
500954394720
500954394725
500954394730
500954394732
500954394755
500954394762
500954394771
500954394789
500954394795
500954394813
500954394814
500954394817
500954394818
500954394870
500954394873
500954394885
500954394912
500954394922
500954394926
500954394930
500954394947
500954394980
500954394990
