500954709329
500954709331
500954709340
500954709341
500954709343
500954709360
500954709367
500954709380
500954709396
500954709398
500954709399
500954709404
500954709405
500954709407
500954709434
500954709438
500954709439
500954709445
500954709499
500954709507
500954709509
500954709512
500954709539
500954709550
500954709554
500954709560
500954709570
500954709576
500954709578
500954709624
500954709645
500954709649
500954709655
500954709656
500954709659
500954709660
500954709672
500954709676
500954709694
500954709704
500954709705
500954709710
500954709717
500954709722
500954709727
500954709732
500954709734
500954709736
500954709738
500954709740
500954709742
500954709744
500954709747
500954709748
500954709749
500954709785
500954709794
500954709813
500954709818
500954709826
500954709828
500954709831
500954709832
500954709834
500954709835
500954709836
500954709907
500954709934
500954709940
500954709947
500954709952
500954709953
500954709957
500954709963
500954709971
500954709988
500954709991
500954709993
500954709994
500954709996
500954709997
500954709999
