500954974005
500954974026
500954974033
500954974038
500954974049
500954974078
500954974102
500954974103
500954974105
500954974107
500954974118
500954974129
500954974137
500954974145
500954974161
500954974172
500954974173
500954974176
500954974177
500954974182
500954974191
500954974196
500954974204
500954974217
500954974219
500954974221
500954974230
500954974232
500954974235
500954974239
500954974243
500954974257
500954974258
500954974260
500954974266
500954974271
500954974272
500954974276
500954974287
500954974291
500954974301
500954974317
500954974319
500954974328
500954974331
500954974337
500954974340
500954974367
500954974368
500954974371
500954974374
500954974378
500954974388
500954974390
500954974397
500954974401
500954974405
500954974436
500954974437
500954974455
500954974469
500954974472
500954974482
500954974493
500954974495
500954974503
500954974509
500954974513
500954974515
500954974520
500954974521
500954974522
500954974544
500954974558
500954974560
500954974561
500954974565
500954974575
500954974577
500954974578
500954974583
500954974591
500954974596
500954974599
500954974602
500954974707
500954974709
500954974712
500954974713
500954974716
500954974722
500954974730
500954974737
500954974751
500954974758
500954974784
500954974804
500954974809
500954974811
500954974815
500954974820
500954974846
500954974850
500954974873
500954974882
500954974888
500954974897
500954974910
500954974911
500954974940
500954974953
500954974958
500954974968
500954974980
500954974986
500954974988
