500997171006
500997171008
500997171011
500997171017
500997171024
500997171029
500997171036
500997171044
500997171059
500997171072
500997171074
500997171082
500997171086
500997171091
500997171112
500997171138
500997171144
500997171153
500997171160
500997171164
500997171167
500997171169
500997171184
500997171193
500997171200
500997171232
500997171247
500997171255
500997171260
500997171292
500997171297
500997171313
500997171319
500997171331
500997171332
500997171334
500997171364
500997171371
500997171378
500997171407
500997171412
500997171427
500997171429
500997171436
500997171449
500997171464
500997171476
500997171512
500997171534
500997171538
500997171539
500997171544
500997171562
500997171585
500997171607
500997171619
500997171621
500997171638
500997171643
500997171644
500997171651
500997171655
500997171661
500997171664
500997171667
500997171675
500997171681
500997171691
500997171696
500997171702
500997171764
500997171766
500997171830
500997171831
500997171834
500997171887
500997171893
500997171898
500997171900
500997171909
500997171910
500997171928
500997171932
500997171943
500997171946
500997171951
500997171957
500997171964
500997171965
500997171970
500997171973
500997171975
500997171982
500997171988
