500997267007
500997267017
500997267032
500997267043
500997267047
500997267075
500997267078
500997267082
500997267108
500997267119
500997267126
500997267129
500997267132
500997267135
500997267137
500997267144
500997267147
500997267154
500997267160
500997267162
500997267164
500997267202
500997267206
500997267245
500997267252
500997267265
500997267369
500997267386
500997267391
500997267393
500997267396
500997267401
500997267455
500997267463
500997267466
500997267473
500997267478
500997267483
500997267484
500997267488
500997267507
500997267518
500997267535
500997267547
500997267549
500997267567
500997267568
500997267582
500997267593
500997267601
500997267629
500997267632
500997267634
500997267646
500997267657
500997267690
500997267693
500997267700
500997267703
500997267712
500997267715
500997267744
500997267747
500997267752
500997267759
500997267787
500997267814
500997267818
500997267821
500997267858
500997267861
500997267885
500997267891
500997267894
500997267901
500997267924
500997267931
500997267960
500997267966
