500997336039
500997336041
500997336042
500997336052
500997336067
500997336088
500997336092
500997336096
500997336123
500997336155
500997336167
500997336173
500997336183
500997336188
500997336197
500997336199
500997336200
500997336211
500997336214
500997336219
500997336236
500997336240
500997336243
500997336247
500997336249
500997336255
500997336256
500997336272
500997336274
500997336277
500997336283
500997336288
500997336296
500997336306
500997336311
500997336316
500997336319
500997336334
500997336340
500997336349
500997336442
500997336461
500997336469
500997336478
500997336480
500997336489
500997336508
500997336510
500997336513
500997336523
500997336524
500997336530
500997336549
500997336554
500997336556
500997336562
500997336567
500997336574
500997336582
500997336595
500997336621
500997336627
500997336632
500997336644
500997336652
500997336656
500997336659
500997336673
500997336693
500997336714
500997336727
500997336729
500997336756
500997336764
500997336771
500997336782
500997336816
500997336841
500997336848
500997336850
500997336870
500997336877
500997336880
500997336892
500997336908
500997336914
500997336916
500997336929
500997336945
500997336962
500997336966
500997336973
500997336974
500997336990
500997336993
