500997579024
500997579033
500997579036
500997579038
500997579107
500997579111
500997579116
500997579121
500997579130
500997579132
500997579168
500997579187
500997579205
500997579239
500997579304
500997579306
500997579323
500997579331
500997579354
500997579402
500997579427
500997579472
500997579501
500997579512
500997579529
500997579554
500997579556
500997579558
500997579606
500997579631
500997579687
500997579692
500997579708
500997579763
500997579771
500997579774
500997579777
500997579858
500997579868
500997579898
500997579923
500997579957
500997579977
500997579982
500997579983
500997579988
500997579991
