500997708009
500997708019
500997708031
500997708033
500997708058
500997708122
500997708193
500997708227
500997708258
500997708292
500997708308
500997708322
500997708377
500997708390
500997708437
500997708443
500997708453
500997708468
500997708473
500997708492
500997708499
500997708522
500997708527
500997708560
500997708561
500997708567
500997708590
500997708607
500997708621
500997708644
500997708646
500997708647
500997708742
500997708767
500997708792
500997708864
500997708876
500997708953
500997708983
500997708985
500997708992
500997708995
