500997847023
500997847047
500997847059
500997847093
500997847106
500997847159
500997847191
500997847237
500997847255
500997847289
500997847291
500997847300
500997847392
500997847394
500997847399
500997847401
500997847405
500997847451
500997847464
500997847483
500997847490
500997847499
500997847529
500997847549
500997847565
500997847567
500997847580
500997847684
500997847731
500997847736
500997847737
500997847792
500997847794
500997847796
500997847797
500997847808
500997847810
500997847816
500997847819
500997847839
500997847846
500997847847
500997847862
500997847866
500997847874
500997847877
500997847882
500997847889
500997847892
500997847914
500997847917
500997847925
500997847941
500997847964
