500431953001
500431953006
500431953009
500431953014
500431953017
500431953019
500431953027
500431953299
500431953336
500431953338
500431953354
500431953441
500431953448
500431953452
500431953454
500431953462
500431953465
500431953468
500431953478
500431953484
500431953486
500431953490
500431953502
500431953508
500431953511
500431953516
500431953520
500431953528
500431953629
500431953634
500431953643
500431953646
500431953657
500431953659
500431953664
500431953681
500431953687
500431953884
500431953987
