500972424009
500972424031
500972424036
500972424104
500972424116
500972424118
500972424124
500972424139
500972424147
500972424156
500972424195
500972424237
500972424256
500972424272
500972424273
500972424279
500972424296
500972424304
500972424308
500972424309
500972424318
500972424324
500972424326
500972424327
500972424341
500972424352
500972424361
500972424363
500972424366
500972424371
500972424390
500972424393
500972424402
500972424419
500972424432
500972424449
500972424455
500972424465
500972424466
500972424506
500972424551
500972424554
500972424574
500972424584
500972424586
500972424588
500972424591
500972424594
500972424596
500972424598
500972424602
500972424605
500972424607
500972424609
500972424611
500972424613
500972424615
500972424616
500972424617
500972424620
500972424654
500972424666
500972424689
500972424702
500972424745
500972424766
500972424782
500972424785
500972424786
500972424800
500972424808
500972424826
500972424864
500972424873
500972424886
500972424903
500972424907
500972424957
500972424966
500972424973
500972424979
500972424991
500972424992
