500972439013
500972439015
500972439031
500972439061
500972439063
500972439064
500972439091
500972439103
500972439105
500972439129
500972439134
500972439135
500972439142
500972439150
500972439162
500972439164
500972439165
500972439167
500972439180
500972439200
500972439207
500972439223
500972439225
500972439231
500972439237
500972439240
500972439242
500972439257
500972439261
500972439266
500972439316
500972439322
500972439325
500972439327
500972439362
500972439376
500972439389
500972439392
500972439398
500972439400
500972439403
500972439417
500972439424
500972439426
500972439438
500972439440
500972439453
500972439460
500972439461
500972439465
500972439471
500972439493
500972439507
500972439512
500972439535
500972439561
500972439564
500972439566
500972439572
500972439577
500972439580
500972439595
500972439600
500972439615
500972439626
500972439627
500972439630
500972439650
500972439657
500972439689
500972439713
500972439722
500972439740
500972439745
500972439761
500972439769
500972439778
500972439803
500972439805
500972439829
500972439831
500972439838
500972439842
500972439845
500972439854
500972439860
500972439862
500972439865
500972439870
500972439871
500972439908
500972439910
500972439917
500972439919
500972439920
500972439925
500972439947
500972439950
500972439958
500972439960
500972439964
500972439968
500972439972
500972439973
500972439985
500972439992
500972439994
500972439997
