500972646017
500972646021
500972646033
500972646090
500972646094
500972646115
500972646118
500972646128
500972646132
500972646139
500972646159
500972646169
500972646174
500972646200
500972646207
500972646210
500972646215
500972646222
500972646246
500972646249
500972646251
500972646254
500972646281
500972646282
500972646283
500972646285
500972646293
500972646306
500972646351
500972646357
500972646372
500972646380
500972646384
500972646391
500972646394
500972646402
500972646421
500972646428
500972646430
500972646436
500972646437
500972646448
500972646452
500972646465
500972646468
500972646473
500972646477
500972646484
500972646485
500972646495
500972646496
500972646527
500972646541
500972646548
500972646552
500972646560
500972646561
500972646601
500972646610
500972646620
500972646625
500972646630
500972646633
500972646649
500972646651
500972646656
500972646667
500972646679
500972646681
500972646685
500972646686
500972646693
500972646698
500972646702
500972646703
500972646705
500972646706
500972646710
500972646712
500972646733
500972646735
500972646737
500972646749
500972646754
500972646763
500972646794
500972646799
500972646804
500972646812
500972646816
500972646843
500972646845
500972646847
500972646848
500972646849
500972646864
500972646866
500972646887
500972646906
500972646930
500972646949
500972646954
500972646962
