501013434024
501013434029
501013434040
501013434047
501013434055
501013434087
501013434090
501013434153
501013434156
501013434181
501013434196
501013434211
501013434212
501013434229
501013434237
501013434239
501013434250
501013434266
501013434269
501013434301
501013434302
501013434303
501013434305
501013434315
501013434319
501013434324
501013434356
501013434369
501013434371
501013434375
501013434376
501013434377
501013434436
501013434442
501013434443
501013434474
501013434488
501013434492
501013434509
501013434512
501013434514
501013434517
501013434542
501013434544
501013434546
501013434553
501013434570
501013434573
501013434576
501013434594
501013434595
501013434598
501013434624
501013434626
501013434631
501013434633
501013434640
501013434643
501013434647
501013434652
501013434677
501013434687
501013434695
501013434700
501013434704
501013434718
501013434720
501013434721
501013434762
501013434765
501013434770
501013434777
501013434785
501013434790
501013434804
501013434806
501013434813
501013434818
501013434823
501013434842
501013434852
501013434859
501013434869
501013434873
501013434877
501013434895
501013434896
501013434900
501013434921
501013434930
501013434931
501013434937
501013434938
501013434939
501013434940
501013434941
501013434949
501013434971
501013434986
501013434988
501013434993
