501013777017
501013777020
501013777036
501013777072
501013777085
501013777089
501013777100
501013777105
501013777111
501013777116
501013777151
501013777152
501013777155
501013777158
501013777171
501013777172
501013777180
501013777183
501013777197
501013777209
501013777220
501013777222
501013777227
501013777230
501013777256
501013777259
501013777310
501013777317
501013777322
501013777327
501013777335
501013777343
501013777355
501013777360
501013777366
501013777385
501013777387
501013777390
501013777394
501013777395
501013777403
501013777417
501013777428
501013777432
501013777443
501013777444
501013777456
501013777459
501013777469
501013777476
501013777497
501013777505
501013777509
501013777515
501013777518
501013777528
501013777534
501013777563
501013777573
501013777602
501013777614
501013777631
501013777641
501013777672
501013777674
501013777685
501013777686
501013777688
501013777689
501013777693
501013777698
501013777701
501013777718
501013777721
501013777729
501013777731
501013777735
501013777744
501013777787
501013777804
501013777806
501013777808
501013777816
501013777863
501013777864
501013777881
501013777883
501013777884
501013777885
501013777889
501013777902
501013777916
501013777921
501013777942
501013777965
501013777967
501013777969
501013777975
501013777988
501013777994
