500939039001
500939039008
500939039028
500939039036
500939039045
500939039048
500939039058
500939039074
500939039080
500939039101
500939039103
500939039109
500939039121
500939039123
500939039124
500939039145
500939039157
500939039162
500939039187
500939039188
500939039190
500939039192
500939039193
500939039217
500939039220
500939039238
500939039242
500939039255
500939039271
500939039274
500939039291
500939039294
500939039297
500939039300
500939039304
500939039305
500939039307
500939039315
500939039857
500939039866
500939039867
500939039903
500939039932
500939039948
500939039952
500939039954
500939039955
500939039962
500939039963
500939039968
500939039969
500939039972
500939039992
500939039998
