500939421000
500939421001
500939421017
500939421021
500939421025
500939421036
500939421038
500939421043
500939421047
500939421053
500939421055
500939421057
500939421063
500939421071
500939421082
500939421089
500939421097
500939421109
500939421118
500939421127
500939421128
500939421133
500939421135
500939421140
500939421160
500939421163
500939421170
500939421171
500939421174
500939421178
500939421189
500939421190
500939421200
500939421215
500939421223
500939421224
500939421227
500939421239
500939421250
500939421252
500939421267
500939421269
500939421274
500939421280
500939421282
500939421287
500939421293
500939421308
500939421314
500939421323
500939421325
500939421343
500939421348
500939421375
500939421384
500939421398
500939421441
500939421443
500939421445
500939421459
500939421462
500939421472
500939421491
500939421494
500939421498
500939421508
500939421526
500939421536
500939421539
500939421541
500939421548
500939421550
500939421571
500939421575
500939421586
500939421590
500939421595
500939421602
500939421607
500939421619
500939421622
500939421624
500939421628
500939421634
500939421662
500939421664
500939421683
500939421706
500939421708
500939421744
500939421748
500939421769
500939421771
500939421780
500939421822
500939421832
500939421838
500939421860
500939421868
500939421869
500939421873
500939421878
500939421897
500939421913
500939421915
500939421921
500939421924
500939421928
500939421931
500939421953
500939421956
500939421962
500939421969
500939421981
500939421983
500939421987
500939421989
500939421991
