500939491000
500939491003
500939491033
500939491041
500939491048
500939491052
500939491059
500939491082
500939491083
500939491089
500939491093
500939491096
500939491132
500939491134
500939491143
500939491144
500939491145
500939491147
500939491149
500939491163
500939491165
500939491168
500939491169
500939491209
500939491211
500939491216
500939491222
500939491234
500939491239
500939491242
500939491244
500939491245
500939491248
500939491267
500939491270
500939491271
500939491276
500939491297
500939491317
500939491318
500939491327
500939491338
500939491341
500939491344
500939491346
500939491348
500939491352
500939491356
500939491357
500939491363
500939491368
500939491402
500939491404
500939491436
500939491439
500939491457
500939491459
500939491472
500939491489
500939491492
500939491494
500939491501
500939491502
500939491503
500939491507
500939491510
500939491513
500939491517
500939491519
500939491521
500939491532
500939491534
500939491537
500939491542
500939491545
500939491549
500939491562
500939491594
500939491622
500939491627
500939491642
500939491648
500939491651
500939491653
500939491692
500939491697
500939491703
500939491715
500939491717
500939491731
500939491763
500939491784
500939491789
500939491804
500939491810
500939491813
500939491815
500939491832
500939491839
500939491841
500939491847
500939491853
500939491856
500939491858
500939491863
500939491869
500939491872
500939491880
500939491895
500939491905
500939491915
500939491917
500939491923
500939491924
500939491946
500939491948
500939491962
500939491965
500939491971
500939491993
500939491997
