500939512360
500939512361
500939512370
500939512371
500939512373
500939512381
500939512388
500939512392
500939512394
500939512396
500939512428
500939512435
500939512452
500939512468
500939512473
500939512483
500939512494
500939512500
500939512504
500939512507
500939512509
500939512536
500939512538
500939512541
500939512544
500939512559
500939512567
500939512568
500939512599
500939512604
500939512631
500939512639
500939512654
500939512660
500939512664
500939512677
500939512688
500939512711
500939512721
500939512729
500939512733
500939512737
500939512742
500939512746
500939512751
500939512806
500939512808
500939512821
500939512822
500939512840
500939512845
500939512859
500939512861
500939512867
500939512883
500939512887
500939512891
500939512905
500939512908
500939512924
500939512927
500939512934
500939512936
500939512937
500939512942
500939512943
500939512944
500939512966
500939512975
500939512980
500939512981
500939512987
500939512988
500939512990
500939512998
