500939633017
500939633019
500939633045
500939633057
500939633072
500939633083
500939633085
500939633092
500939633094
500939633103
500939633105
500939633107
500939633109
500939633111
500939633122
500939633128
500939633129
500939633130
500939633132
500939633143
500939633149
500939633156
500939633180
500939633181
500939633192
500939633194
500939633205
500939633209
500939633224
500939633241
500939633248
500939633249
500939633250
500939633251
500939633253
500939633256
500939633259
500939633267
500939633282
500939633289
500939633294
500939633307
500939633310
500939633313
500939633321
500939633327
500939633328
500939633330
500939633337
500939633339
500939633341
500939633345
500939633346
500939633347
500939633351
500939633356
500939633367
500939633379
500939633381
500939633388
500939633392
500939633397
500939633402
500939633403
500939633405
500939633412
500939633422
500939633435
500939633454
500939633459
500939633465
500939633466
500939633470
500939633479
500939633485
500939633495
500939633497
500939633512
500939633514
500939633517
500939633523
500939633530
500939633531
500939633539
500939633542
500939633547
500939633551
500939633553
500939633557
500939633562
500939633575
500939633576
500939633580
500939633585
500939633590
500939633593
500939633595
500939633598
500939633603
500939633610
500939633616
500939633621
500939633629
500939633632
500939633634
500939633639
500939633641
500939633644
500939633649
500939633659
500939633660
500939633668
500939633676
500939633686
500939633688
500939633727
500939633740
500939633756
500939633763
500939633766
500939633769
500939633772
500939633790
500939633797
500939633799
500939633808
500939633811
500939633813
500939633822
500939633836
500939633838
500939633847
500939633848
500939633857
500939633859
500939633873
500939633875
500939633905
500939633906
500939633909
500939633915
500939633916
500939633920
500939633922
500939633933
500939633938
500939633941
500939633953
500939633958
500939633969
500939633972
