500959130001
500959130012
500959130013
500959130025
500959130040
500959130043
500959130051
500959130057
500959130121
500959130130
500959130135
500959130136
500959130145
500959130153
500959130162
500959130164
500959130171
500959130191
500959130195
500959130196
500959130197
500959130205
500959130207
500959130208
500959130239
500959130243
500959130260
500959130278
500959130286
500959130291
500959130304
500959130306
500959130342
500959130345
500959130372
500959130382
500959130386
500959130397
500959130407
500959130494
500959130505
500959130538
500959130559
500959130596
500959130597
500959130600
500959130628
500959130639
500959130640
500959130650
500959130652
500959130716
500959130721
500959130741
500959130801
500959130816
500959130823
500959130825
500959130840
500959130845
500959130887
500959130891
500959130892
500959130924
500959130930
500959130937
500959130938
500959130946
500959130953
500959130956
