500959249007
500959249008
500959249011
500959249012
500959249013
500959249015
500959249017
500959249019
500959249021
500959249024
500959249026
500959249029
500959249031
500959249033
500959249054
500959249079
500959249085
500959249090
500959249092
500959249116
500959249117
500959249126
500959249143
500959249166
500959249168
500959249172
500959249177
500959249187
500959249192
500959249194
500959249209
500959249212
500959249227
500959249258
500959249266
500959249271
500959249284
500959249289
500959249328
500959249338
500959249344
500959249351
500959249354
500959249356
500959249357
500959249359
500959249363
500959249382
500959249391
500959249392
500959249408
500959249409
500959249416
500959249419
500959249443
500959249457
500959249469
500959249495
500959249511
500959249522
500959249525
500959249531
500959249535
500959249539
500959249546
500959249567
500959249580
500959249586
500959249591
500959249599
500959249608
500959249611
500959249627
500959249637
500959249638
500959249647
500959249655
500959249660
500959249663
500959249670
500959249672
500959249677
500959249684
500959249685
500959249688
500959249693
500959249695
500959249699
500959249721
500959249728
500959249730
500959249755
500959249762
500959249771
500959249781
500959249783
500959249789
500959249794
500959249798
500959249809
500959249821
500959249841
500959249848
500959249851
500959249857
500959249859
500959249861
500959249864
500959249866
500959249884
500959249895
500959249897
500959249900
500959249905
500959249907
500959249910
500959249919
500959249922
500959249925
500959249929
500959249949
500959249955
500959249961
500959249963
500959249965
500959249969
500959249972
500959249978
500959249982
500959249988
500959249994
500959249996
