500959411001
500959411002
500959411009
500959411010
500959411045
500959411049
500959411082
500959411091
500959411113
500959411117
500959411124
500959411128
500959411145
500959411152
500959411156
500959411161
500959411167
500959411173
500959411203
500959411234
500959411236
500959411239
500959411242
500959411244
500959411247
500959411250
500959411251
500959411254
500959411256
500959411261
500959411277
500959411280
500959411283
500959411291
500959411297
500959411307
500959411323
500959411355
500959411357
500959411365
500959411368
500959411371
500959411372
500959411383
500959411391
500959411397
500959411403
500959411404
500959411415
500959411416
500959411417
500959411425
500959411434
500959411442
500959411483
500959411493
500959411496
500959411497
500959411500
500959411501
500959411518
500959411522
500959411528
500959411531
500959411539
500959411550
500959411564
500959411567
500959411569
500959411586
500959411589
500959411590
500959411593
500959411604
500959411612
500959411614
500959411616
500959411618
500959411621
500959411626
500959411629
500959411631
500959411639
500959411652
500959411662
500959411663
500959411667
500959411672
500959411676
500959411683
500959411693
500959411699
500959411702
500959411711
500959411715
500959411724
500959411728
500959411737
500959411738
500959411742
500959411743
500959411745
500959411752
500959411757
500959411759
500959411774
500959411786
500959411825
500959411867
500959411871
500959411893
500959411895
500959411899
500959411916
500959411919
500959411937
500959411941
500959411959
500959411974
500959411980
500959411985
