500959497000
500959497005
500959497007
500959497013
500959497014
500959497017
500959497026
500959497040
500959497046
500959497049
500959497053
500959497059
500959497061
500959497064
500959497066
500959497068
500959497069
500959497070
500959497071
500959497072
500959497079
500959497082
500959497084
500959497085
500959497087
500959497088
500959497090
500959497091
500959497094
500959497097
500959497100
500959497102
500959497104
500959497106
500959497113
500959497117
500959497119
500959497123
500959497125
500959497131
500959497135
500959497136
500959497138
500959497141
500959497148
500959497156
500959497160
500959497194
500959497208
500959497231
500959497242
500959497247
500959497273
500959497284
500959497287
500959497315
500959497328
500959497332
500959497338
500959497339
500959497341
500959497357
500959497361
500959497365
500959497368
500959497371
500959497373
500959497375
500959497377
500959497378
500959497379
500959497385
500959497390
500959497397
500959497400
500959497407
500959497419
500959497427
500959497429
500959497430
500959497431
500959497435
500959497457
500959497462
500959497465
500959497474
500959497477
500959497481
500959497488
500959497492
500959497517
500959497539
500959497540
500959497543
500959497550
500959497572
500959497574
500959497585
500959497596
500959497605
500959497607
500959497609
500959497611
500959497614
500959497621
500959497625
500959497630
500959497631
500959497634
500959497646
500959497647
500959497659
500959497670
500959497681
500959497693
500959497700
500959497703
500959497705
500959497708
500959497715
500959497716
500959497727
500959497731
500959497738
500959497740
500959497742
500959497747
500959497749
500959497758
500959497760
500959497763
500959497766
500959497775
500959497778
500959497785
500959497795
500959497797
500959497835
500959497838
500959497841
500959497842
500959497843
500959497845
500959497847
500959497852
500959497857
500959497859
500959497863
500959497867
500959497874
500959497881
500959497889
500959497890
500959497894
500959497895
500959497899
500959497901
500959497908
500959497912
500959497915
500959497933
500959497934
500959497951
500959497969
500959497974
500959497992
