500959554017
500959554023
500959554035
500959554038
500959554042
500959554045
500959554057
500959554060
500959554067
500959554076
500959554077
500959554083
500959554090
500959554101
500959554106
500959554109
500959554115
500959554116
500959554123
500959554129
500959554134
500959554135
500959554159
500959554160
500959554209
500959554211
500959554213
500959554217
500959554233
500959554247
500959554266
500959554280
500959554288
500959554289
500959554319
500959554821
500959554861
500959554877
500959554899
500959554908
500959554915
500959554922
500959554965
500959554967
500959554976
500959554978
500959554982
500959554988
500959554990
500959554992
