500959636009
500959636014
500959636015
500959636022
500959636024
500959636030
500959636041
500959636054
500959636087
500959636094
500959636131
500959636140
500959636144
500959636184
500959636193
500959636203
500959636209
500959636222
500959636233
500959636234
500959636244
500959636258
500959636283
500959636296
500959636320
500959636331
500959636335
500959636342
500959636344
500959636346
500959636349
500959636350
500959636360
500959636368
500959636372
500959636394
500959636396
500959636400
500959636406
500959636408
500959636410
500959636426
500959636441
500959636463
500959636484
500959636486
500959636496
500959636536
500959636543
500959636549
500959636552
500959636556
500959636603
500959636611
500959636614
500959636624
500959636644
500959636651
500959636682
500959636690
500959636695
500959636699
500959636703
500959636710
500959636714
500959636753
500959636760
500959636773
500959636777
500959636781
500959636787
500959636795
500959636826
500959636844
500959636845
500959636855
500959636865
500959636896
500959636931
500959636957
500959636959
500959636976
500959636995
