500959662003
500959662034
500959662043
500959662044
500959662049
500959662051
500959662063
500959662065
500959662067
500959662110
500959662128
500959662135
500959662217
500959662223
500959662226
500959662237
500959662264
500959662270
500959662293
500959662297
500959662307
500959662316
500959662374
500959662379
500959662382
500959662384
500959662393
500959662402
500959662419
500959662420
500959662460
500959662490
500959662518
500959662525
500959662528
500959662550
500959662551
500959662552
500959662554
500959662556
500959662557
500959662558
500959662560
500959662561
500959662562
500959662563
500959662564
500959662565
500959662566
500959662568
500959662570
500959662572
500959662575
500959662577
500959662579
500959662632
500959662642
500959662670
500959662689
500959662693
500959662706
500959662724
500959662747
500959662761
500959662764
500959662771
500959662773
500959662783
500959662785
500959662802
500959662809
500959662831
500959662846
500959662864
500959662883
500959662884
500959662885
500959662904
500959662909
500959662918
500959662934
500959662939
500959662967
500959662973
500959662987
500959662998
