501081812028
501081812109
501081812119
501081812120
501081812129
501081812135
501081812145
501081812146
501081812153
501081812160
501081812168
501081812170
501081812171
501081812172
501081812181
501081812237
501081812248
501081812250
501081812268
501081812277
501081812280
501081812284
501081812287
501081812300
501081812301
501081812303
501081812587
501081812588
501081812590
501081812591
501081812593
501081812594
501081812595
501081812597
501081812599
501081812601
501081812602
501081812603
501081812604
501081812605
501081812606
501081812608
501081812609
501081812662
501081812667
501081812675
501081812782
501081812821
501081812822
501081812823
501081812825
501081812827
501081812829
501081812830
501081812831
501081812832
501081812835
501081812837
501081812860
501081812906
501081812927
