501081947011
501081947019
501081947022
501081947051
501081947056
501081947061
501081947073
501081947080
501081947083
501081947090
501081947097
501081947122
501081947148
501081947151
501081947154
501081947205
501081947236
501081947258
501081947301
501081947357
501081947362
501081947421
501081947443
501081947454
501081947489
501081947491
501081947493
501081947495
501081947497
501081947502
501081947505
501081947563
501081947607
501081947626
501081947632
501081947634
501081947635
501081947636
501081947638
501081947642
501081947647
501081947648
501081947650
501081947653
501081947657
501081947659
501081947663
501081947666
501081947672
501081947704
501081947722
501081947833
501081947844
501081947910
501081947965
501081947968
501081947969
501081947980
