500178284718
500178284719
500178284708
500178284029
500178284185
500178284738
500178284745
500178284766
500178284793
500178284795
500178284825
500178284830
500178284834
500178284872
500178284879
500178284882
500178284889
500178284897
500178284935
500178284938
500178284955
500178284960
500178284967
500178284980
500178284979
500178284718
500178284719
500178284708
500178284029
500178284185
500178284738
500178284745
500178284766
500178284793
500178284795
500178284825
500178284830
500178284834
500178284872
500178284879
500178284882
500178284889
500178284897
500178284935
500178284938
500178284955
500178284960
500178284967
500178284980
500178284979
