500951093013
500951093015
500951093017
500951093021
500951093025
500951093027
500951093031
500951093034
500951093036
500951093038
500951093065
500951093066
500951093071
500951093075
500951093079
500951093083
500951093084
500951093104
500951093115
500951093118
500951093119
500951093121
500951093135
500951093138
500951093157
500951093169
500951093179
500951093196
500951093200
500951093202
500951093205
500951093207
500951093223
500951093231
500951093233
500951093235
500951093239
500951093261
500951093264
500951093265
500951093285
500951093303
500951093305
500951093320
500951093824
500951093834
500951093843
500951093847
500951093872
500951093875
500951093883
500951093898
500951093905
500951093936
500951093939
500951093953
500951093959
500951093962
500951093964
500951093985
500951093987
500951093995
