500951294000
500951294016
500951294025
500951294027
500951294030
500951294032
500951294036
500951294041
500951294098
500951294099
500951294104
500951294106
500951294108
500951294110
500951294116
500951294117
500951294119
500951294124
500951294126
500951294129
500951294131
500951294144
500951294145
500951294148
500951294152
500951294158
500951294178
500951294180
500951294189
500951294193
500951294195
500951294197
500951294199
500951294203
500951294205
500951294207
500951294211
500951294212
500951294217
500951294223
500951294230
500951294235
500951294239
500951294242
500951294246
500951294250
500951294253
500951294258
500951294259
500951294268
500951294274
500951294276
500951294279
500951294288
500951294291
500951294293
500951294294
500951294304
500951294323
500951294334
500951294344
500951294345
500951294355
500951294357
500951294364
500951294388
500951294392
500951294398
500951294400
500951294410
500951294412
500951294425
500951294427
500951294434
500951294437
500951294440
500951294445
500951294449
500951294452
500951294465
500951294468
500951294474
500951294476
500951294491
500951294497
500951294507
500951294509
500951294511
500951294512
500951294513
500951294514
500951294520
500951294525
500951294528
500951294541
500951294546
500951294567
500951294569
500951294570
500951294580
500951294587
500951294591
500951294592
500951294604
500951294614
500951294618
500951294634
500951294636
500951294637
500951294638
500951294643
500951294647
500951294651
500951294660
500951294670
500951294679
500951294688
500951294692
500951294695
500951294701
500951294703
500951294705
500951294710
500951294777
500951294780
500951294781
500951294815
500951294817
500951294829
500951294830
500951294835
500951294837
500951294840
500951294841
500951294848
500951294853
500951294894
500951294903
500951294906
500951294911
500951294913
500951294927
500951294928
500951294939
500951294945
500951294947
500951294950
500951294960
500951294965
500951294966
500951294968
500951294977
500951294980
500951294981
