500951594009
500951594016
500951594019
500951594021
500951594022
500951594026
500951594030
500951594033
500951594036
500951594038
500951594039
500951594045
500951594055
500951594057
500951594058
500951594061
500951594066
500951594067
500951594085
500951594092
500951594093
500951594103
500951594105
500951594110
500951594114
500951594133
500951594134
500951594136
500951594143
500951594144
500951594145
500951594147
500951594150
500951594154
500951594155
500951594156
500951594163
500951594175
500951594181
500951594182
500951594193
500951594199
500951594201
500951594203
500951594205
500951594207
500951594214
500951594220
500951594227
500951594228
500951594232
500951594233
500951594235
500951594237
500951594239
500951594253
500951594255
500951594261
500951594262
500951594279
500951594282
500951594283
500951594288
500951594294
500951594298
500951594301
500951594305
500951594306
500951594310
500951594314
500951594317
500951594319
500951594321
500951594324
500951594326
500951594328
500951594336
500951594341
500951594342
500951594348
500951594367
500951594396
500951594398
500951594419
500951594423
500951594427
500951594429
500951594434
500951594443
500951594453
500951594457
500951594458
500951594481
500951594485
500951594489
500951594505
500951594506
500951594509
500951594520
500951594525
500951594549
500951594552
500951594599
500951594607
500951594617
500951594622
500951594625
500951594631
500951594644
500951594656
500951594659
500951594670
500951594686
500951594690
500951594693
500951594697
500951594700
500951594706
500951594712
500951594715
500951594726
500951594727
500951594728
500951594767
500951594787
500951594799
500951594816
500951594817
500951594855
500951594865
500951594874
500951594880
500951594892
500951594895
500951594901
500951594909
500951594921
500951594923
500951594933
500951594943
500951594949
500951594952
500951594956
500951594960
