500951603001
500951603011
500951603026
500951603030
500951603037
500951603043
500951603047
500951603049
500951603055
500951603056
500951603058
500951603063
500951603081
500951603082
500951603085
500951603087
500951603091
500951603094
500951603096
500951603104
500951603106
500951603108
500951603111
500951603112
500951603118
500951603121
500951603124
500951603127
500951603130
500951603135
500951603139
500951603144
500951603146
500951603147
500951603148
500951603150
500951603156
500951603157
500951603160
500951603169
500951603175
500951603176
500951603182
500951603186
500951603189
500951603197
500951603208
500951603215
500951603217
500951603228
500951603231
500951603241
500951603245
500951603250
500951603255
500951603259
500951603260
500951603264
500951603267
500951603273
500951603274
500951603276
500951603279
500951603289
500951603291
500951603315
500951603323
500951603327
500951603333
500951603338
500951603369
500951603391
500951603403
500951603429
500951603446
500951603453
500951603514
500951603516
500951603518
500951603525
500951603528
500951603530
500951603537
500951603539
500951603554
500951603559
500951603571
500951603580
500951603585
500951603590
500951603591
500951603593
500951603604
500951603605
500951603616
500951603618
500951603637
500951603642
500951603647
500951603661
500951603682
500951603687
500951603696
500951603699
500951603741
500951603744
500951603759
500951603761
500951603767
500951603769
500951603774
500951603775
500951603782
500951603794
500951603807
500951603810
500951603816
500951603832
500951603834
500951603840
500951603847
500951603848
500951603853
500951603862
500951603871
500951603878
500951603884
500951603892
500951603912
500951603916
500951603920
500951603923
500951603928
500951603935
500951603937
500951603946
500951603951
500951603961
500951603966
500951603972
500951603983
500951603999
