500951700001
500951700012
500951700014
500951700037
500951700054
500951700061
500951700065
500951700071
500951700080
500951700083
500951700087
500951700089
500951700092
500951700093
500951700096
500951700106
500951700112
500951700115
500951700117
500951700120
500951700128
500951700148
500951700152
500951700168
500951700177
500951700178
500951700184
500951700185
500951700198
500951700204
500951700206
500951700208
500951700211
500951700214
500951700217
500951700222
500951700223
500951700226
500951700230
500951700245
500951700247
500951700249
500951700251
500951700255
500951700267
500951700269
500951700273
500951700275
500951700282
500951700287
500951700309
500951700319
500951700325
500951700330
500951700333
500951700335
500951700337
500951700338
500951700345
500951700354
500951700358
500951700368
500951700370
500951700371
500951700373
500951700374
500951700376
500951700385
500951700392
500951700399
500951700411
500951700420
500951700427
500951700436
500951700439
500951700440
500951700443
500951700456
500951700457
500951700468
500951700473
500951700477
500951700483
500951700492
500951700500
500951700504
500951700511
500951700512
500951700513
500951700515
500951700521
500951700523
500951700534
500951700551
500951700556
500951700558
500951700562
500951700563
500951700565
500951700566
500951700571
500951700572
500951700575
500951700579
500951700584
500951700587
500951700588
500951700592
500951700595
500951700599
500951700607
500951700612
500951700615
500951700622
500951700624
500951700625
500951700627
500951700630
500951700632
500951700635
500951700637
500951700639
500951700643
500951700647
500951700650
500951700652
500951700653
500951700782
500951700787
500951700794
500951700796
500951700804
500951700806
500951700814
500951700817
500951700819
500951700822
500951700824
500951700834
500951700837
500951700839
500951700845
500951700849
500951700851
500951700861
500951700864
500951700866
500951700872
500951700895
500951700900
500951700906
500951700916
500951700924
500951700926
500951700930
500951700940
500951700946
500951700949
500951700952
500951700962
500951700978
500951700992
500951700995
500951700997
