500951794025
500951794026
500951794027
500951794036
500951794042
500951794043
500951794048
500951794060
500951794061
500951794064
500951794066
500951794067
500951794073
500951794074
500951794075
500951794078
500951794085
500951794086
500951794087
500951794088
500951794091
500951794097
500951794121
500951794126
500951794134
500951794137
500951794143
500951794163
500951794185
500951794191
500951794198
500951794209
500951794221
500951794224
500951794228
500951794233
500951794237
500951794238
500951794255
500951794256
500951794260
500951794266
500951794269
500951794270
500951794273
500951794292
500951794296
500951794300
500951794335
500951794347
500951794378
500951794380
500951794382
500951794384
500951794392
500951794396
500951794401
500951794403
500951794417
500951794419
500951794420
500951794431
500951794434
500951794436
500951794456
500951794458
500951794462
500951794472
500951794475
500951794476
500951794479
500951794489
500951794507
500951794519
500951794523
500951794540
500951794550
500951794563
500951794571
500951794574
500951794576
500951794577
500951794601
500951794619
500951794625
500951794627
500951794632
500951794637
500951794642
500951794653
500951794657
500951794662
500951794663
500951794675
500951794681
500951794684
500951794686
500951794697
500951794702
500951794704
500951794711
500951794714
500951794715
500951794734
500951794745
500951794750
500951794754
500951794759
500951794771
500951794775
500951794784
500951794785
500951794787
500951794793
500951794797
500951794800
500951794824
500951794834
500951794847
500951794849
500951794855
500951794861
500951794871
500951794874
500951794878
500951794881
500951794885
500951794886
500951794918
500951794949
500951794953
500951794957
500951794964
500951794969
500951794986
500951794987
