500951802000
500951802004
500951802006
500951802008
500951802020
500951802021
500951802025
500951802029
500951802031
500951802033
500951802037
500951802039
500951802041
500951802043
500951802066
500951802067
500951802071
500951802072
500951802075
500951802080
500951802084
500951802087
500951802089
500951802091
500951802111
500951802113
500951802117
500951802119
500951802122
500951802126
500951802159
500951802172
500951802174
500951802179
500951802186
500951802187
500951802190
500951802193
500951802198
500951802199
500951802202
500951802220
500951802230
500951802235
500951802237
500951802241
500951802248
500951802250
500951802257
500951802277
500951802280
500951802302
500951802304
500951802305
500951802310
500951802312
500951802318
500951802320
500951802324
500951802329
500951802330
500951802333
500951802336
500951802337
500951802339
500951802342
500951802343
500951802345
500951802347
500951802348
500951802379
500951802386
500951802393
500951802394
500951802406
500951802407
500951802413
500951802415
500951802416
500951802417
500951802422
500951802425
500951802427
500951802456
500951802457
500951802458
500951802459
500951802469
500951802484
500951802489
500951802497
500951802498
500951802500
500951802503
500951802505
500951802508
500951802515
500951802519
500951802523
500951802542
500951802548
500951802561
500951802563
500951802578
500951802588
500951802594
500951802598
500951802604
500951802607
500951802608
500951802613
500951802615
500951802619
500951802627
500951802632
500951802634
500951802651
500951802652
500951802654
500951802656
500951802662
500951802683
500951802684
500951802687
500951802688
500951802691
500951802702
500951802703
500951802715
500951802717
500951802718
500951802719
500951802727
500951802729
500951802740
500951802763
500951802770
500951802778
500951802780
500951802784
500951802788
500951802790
500951802807
500951802809
500951802812
500951802819
500951802824
500951802826
500951802827
500951802828
500951802829
500951802830
500951802832
500951802834
500951802836
500951802848
500951802851
500951802852
500951802865
500951802868
500951802892
500951802895
500951802916
500951802919
500951802926
500951802948
500951802973
500951802982
