500951804006
500951804009
500951804011
500951804016
500951804017
500951804020
500951804036
500951804037
500951804041
500951804057
500951804061
500951804064
500951804073
500951804086
500951804099
500951804101
500951804106
500951804123
500951804131
500951804139
500951804140
500951804159
500951804161
500951804177
500951804180
500951804185
500951804193
500951804195
500951804214
500951804216
500951804218
500951804228
500951804236
500951804240
500951804251
500951804254
500951804255
500951804259
500951804271
500951804275
500951804278
500951804283
500951804284
500951804286
500951804287
500951804289
500951804310
500951804315
500951804317
500951804318
500951804319
500951804831
500951804836
500951804839
500951804855
500951804861
500951804863
500951804866
500951804869
500951804873
500951804875
500951804891
500951804893
500951804899
500951804900
500951804904
500951804919
500951804946
500951804948
500951804972
500951804981
500951804984
500951804988
500951804990
