500951865016
500951865022
500951865026
500951865028
500951865034
500951865059
500951865064
500951865068
500951865081
500951865086
500951865087
500951865092
500951865094
500951865103
500951865104
500951865108
500951865109
500951865110
500951865128
500951865163
500951865165
500951865167
500951865170
500951865172
500951865184
500951865188
500951865191
500951865195
500951865198
500951865201
500951865206
500951865209
500951865210
500951865216
500951865220
500951865237
500951865284
500951865290
500951865302
500951865304
500951865318
500951865320
500951865339
500951865343
500951865345
500951865350
500951865353
500951865354
500951865355
500951865360
500951865364
500951865370
500951865371
500951865378
500951865388
500951865391
500951865393
500951865397
500951865418
500951865428
500951865430
500951865438
500951865444
500951865449
500951865459
500951865460
500951865462
500951865466
500951865471
500951865477
500951865482
500951865483
500951865485
500951865494
500951865511
500951865516
500951865519
500951865545
500951865551
500951865555
500951865556
500951865570
500951865573
500951865579
500951865582
500951865583
500951865585
500951865602
500951865607
500951865610
500951865612
500951865617
500951865626
500951865647
500951865660
500951865662
500951865664
500951865678
500951865679
500951865682
500951865685
500951865687
500951865689
500951865697
500951865698
500951865707
500951865711
500951865714
500951865737
500951865739
500951865743
500951865746
500951865767
500951865784
500951865794
500951865803
500951865806
500951865827
500951865829
500951865841
500951865851
500951865857
500951865859
500951865861
500951865867
500951865868
500951865870
500951865872
500951865880
500951865894
500951865905
500951865907
500951865910
500951865911
500951865918
500951865924
500951865934
500951865938
500951865943
500951865946
500951865954
500951865959
500951865963
500951865970
500951865973
500951865974
500951865980
500951865983
500951865991
500951865993
500951865994
500951865998
