500412526001
500412526002
500412526003
500412526004
500412526005
500412526008
500412526010
500412526014
500412526032
500412526034
500412526035
500412526036
500412526038
500412526039
500412526040
500412526046
500412526057
500412526066
500412526119
500412526202
500412526218
500412526222
500412526224
500412526230
500412526233
500412526237
500412526248
500412526250
500412526271
500412526343
500412526417
500412526420
500412526577
500412526609
500412526670
500412526724
500412526856
500412526928
500412526932
500412526937
500412526947
500412526954
