500961222009
500961222013
500961222015
500961222017
500961222024
500961222029
500961222042
500961222052
500961222060
500961222066
500961222080
500961222117
500961222122
500961222125
500961222126
500961222130
500961222139
500961222153
500961222161
500961222169
500961222176
500961222192
500961222198
500961222205
500961222208
500961222209
500961222210
500961222215
500961222222
500961222228
500961222230
500961222240
500961222258
500961222261
500961222276
500961222277
500961222279
500961222283
500961222293
500961222824
500961222839
500961222840
500961222843
500961222856
500961222873
500961222875
500961222878
500961222882
500961222907
500961222913
500961222925
500961222926
500961222929
500961222939
500961222940
500961222943
500961222945
500961222947
500961222949
500961222952
500961222953
500961222954
500961222958
500961222965
500961222969
500961222971
500961222976
500961222982
500961222983
500961222984
500961222986
500961222988
500961222991
500961222994
500961222995
500961222997
500961222999
