500961284012
500961284032
500961284060
500961284067
500961284084
500961284094
500961284105
500961284113
500961284135
500961284163
500961284165
500961284166
500961284171
500961284177
500961284184
500961284186
500961284188
500961284193
500961284206
500961284207
500961284212
500961284218
500961284246
500961284256
500961284267
500961284271
500961284272
500961284289
500961284296
500961284331
500961284337
500961284340
500961284342
500961284367
500961284371
500961284374
500961284378
500961284392
500961284407
500961284410
500961284415
500961284420
500961284421
500961284430
500961284468
500961284476
500961284478
500961284484
500961284488
500961284499
500961284504
500961284510
500961284516
500961284521
500961284525
500961284529
500961284543
500961284545
500961284561
500961284566
500961284584
500961284587
500961284589
500961284593
500961284602
500961284608
500961284614
500961284615
500961284623
500961284631
500961284639
500961284642
500961284644
500961284645
500961284658
500961284660
500961284662
500961284668
500961284675
500961284691
500961284708
500961284727
500961284731
500961284743
500961284760
500961284769
500961284786
500961284796
500961284801
500961284804
500961284808
500961284812
500961284839
500961284856
500961284857
500961284864
500961284877
500961284880
500961284882
500961284888
500961284892
500961284894
500961284896
500961284900
500961284903
500961284905
500961284923
500961284941
500961284942
500961284948
500961284954
500961284964
