500961314005
500961314008
500961314013
500961314014
500961314015
500961314023
500961314027
500961314028
500961314031
500961314038
500961314041
500961314057
500961314062
500961314065
500961314066
500961314071
500961314089
500961314093
500961314096
500961314119
500961314121
500961314124
500961314126
500961314137
500961314140
500961314142
500961314146
500961314154
500961314178
500961314181
500961314185
500961314196
500961314199
500961314202
500961314211
500961314224
500961314230
500961314232
500961314249
500961314260
500961314273
500961314277
500961314284
500961314291
500961314293
500961314296
500961314302
500961314320
500961314335
500961314346
500961314351
500961314380
500961314382
500961314395
500961314397
500961314413
500961314422
500961314426
500961314431
500961314444
500961314460
500961314468
500961314482
500961314494
500961314531
500961314556
500961314562
500961314568
500961314569
500961314575
500961314576
500961314580
500961314583
500961314584
500961314585
500961314587
500961314592
500961314593
500961314594
500961314601
500961314607
500961314611
500961314633
500961314636
500961314640
500961314641
500961314644
500961314650
500961314654
500961314657
500961314658
500961314685
500961314688
500961314694
500961314696
500961314703
500961314708
500961314714
500961314718
500961314722
500961314739
500961314743
500961314749
500961314773
500961314779
500961314784
500961314808
500961314826
500961314827
500961314833
500961314838
500961314843
500961314858
500961314864
500961314884
500961314886
500961314924
500961314926
500961314929
500961314944
500961314956
500961314960
500961314976
500961314989
500961314997
