500961333015
500961333017
500961333021
500961333032
500961333043
500961333044
500961333045
500961333053
500961333054
500961333055
500961333063
500961333073
500961333106
500961333109
500961333112
500961333121
500961333123
500961333124
500961333125
500961333130
500961333134
500961333136
500961333148
500961333155
500961333169
500961333178
500961333182
500961333191
500961333193
500961333194
500961333205
500961333224
500961333227
500961333229
500961333246
500961333250
500961333297
500961333314
500961333316
500961333326
500961333335
500961333343
500961333345
500961333348
500961333359
500961333374
500961333375
500961333384
500961333393
500961333395
500961333401
500961333411
500961333419
500961333425
500961333427
500961333428
500961333439
500961333440
500961333443
500961333445
500961333447
500961333456
500961333459
500961333468
500961333470
500961333488
500961333523
500961333526
500961333543
500961333544
500961333553
500961333583
500961333589
500961333610
500961333618
500961333623
500961333629
500961333639
500961333640
500961333642
500961333651
500961333657
500961333658
500961333674
500961333678
500961333684
500961333689
500961333696
500961333697
500961333710
500961333714
500961333717
500961333718
500961333727
500961333733
500961333735
500961333742
500961333761
500961333765
500961333768
500961333773
500961333784
500961333791
500961333796
500961333815
500961333820
500961333826
500961333845
500961333847
500961333854
500961333858
500961333861
500961333872
500961333877
500961333887
500961333891
500961333895
500961333904
500961333913
500961333918
500961333924
500961333927
500961333932
500961333936
500961333939
500961333948
500961333954
500961333955
500961333970
500961333976
500961333979
500961333983
500961333986
500961333989
500961333994
