500961382321
500961382322
500961382328
500961382330
500961382334
500961382340
500961382346
500961382349
500961382358
500961382370
500961382374
500961382378
500961382380
500961382382
500961382387
500961382390
500961382391
500961382394
500961382395
500961382397
500961382405
500961382459
500961382461
500961382463
500961382469
500961382470
500961382473
500961382476
500961382479
500961382481
500961382484
500961382487
500961382488
500961382491
500961382502
500961382504
500961382508
500961382511
500961382515
500961382519
500961382527
500961382529
500961382535
500961382543
500961382547
500961382548
500961382552
500961382554
500961382556
500961382561
500961382563
500961382564
500961382565
500961382566
500961382569
500961382576
500961382578
500961382581
500961382584
500961382587
500961382589
500961382590
500961382593
500961382601
500961382604
500961382605
500961382607
500961382612
500961382617
500961382620
500961382624
500961382625
500961382630
500961382632
500961382637
500961382639
500961382647
500961382649
500961382650
500961382651
500961382653
500961382654
500961382709
500961382713
500961382723
500961382724
500961382729
500961382738
500961382743
500961382751
500961382755
500961382756
500961382758
500961382761
500961382764
500961382765
500961382766
500961382768
500961382769
500961382773
500961382774
500961382779
500961382787
500961382794
500961382795
500961382797
500961382798
500961382800
500961382802
500961382804
500961382812
500961382819
500961382832
500961382835
500961382836
500961382842
500961382845
500961382849
500961382851
500961382852
500961382854
500961382856
500961382859
500961382860
500961382862
500961382866
500961382873
500961382876
500961382877
500961382879
500961382881
500961382882
500961382885
500961382890
500961382900
500961382901
500961382904
500961382907
500961382909
500961382914
500961382915
500961382916
500961382917
500961382918
500961382923
500961382924
500961382931
500961382938
500961382960
500961382964
500961382968
500961382971
500961382973
500961382975
500961382979
500961382983
500961382985
