500961675029
500961675031
500961675037
500961675054
500961675060
500961675096
500961675097
500961675113
500961675122
500961675126
500961675128
500961675135
500961675141
500961675160
500961675162
500961675173
500961675177
500961675184
500961675186
500961675191
500961675198
500961675199
500961675229
500961675231
500961675236
500961675243
500961675251
500961675257
500961675260
500961675265
500961675267
500961675278
500961675288
500961675303
500961675308
500961675312
500961675313
500961675343
500961675344
500961675347
500961675349
500961675351
500961675352
500961675353
500961675357
500961675368
500961675369
500961675371
500961675373
500961675374
500961675376
500961675379
500961675383
500961675392
500961675394
500961675398
500961675403
500961675411
500961675435
500961675437
500961675443
500961675447
500961675459
500961675467
500961675473
500961675474
500961675476
500961675479
500961675480
500961675481
500961675490
500961675503
500961675505
500961675508
500961675534
500961675547
500961675550
500961675556
500961675565
500961675572
500961675586
500961675661
500961675685
500961675719
500961675727
500961675728
500961675735
500961675738
500961675742
500961675791
500961675793
500961675797
500961675802
500961675810
500961675821
500961675847
500961675849
500961675850
500961675862
500961675865
500961675869
500961675886
500961675887
500961675889
500961675891
500961675893
500961675897
500961675898
500961675908
500961675910
500961675913
500961675917
500961675919
500961675929
500961675932
500961675936
500961675942
500961675947
500961675949
500961675952
500961675953
500961675955
500961675956
500961675965
500961675967
500961675972
500961675979
500961675980
500961675984
500961675989
