500961812338
500961812352
500961812359
500961812362
500961812371
500961812379
500961812387
500961812404
500961812405
500961812443
500961812444
500961812460
500961812494
500961812497
500961812501
500961812505
500961812511
500961812514
500961812516
500961812523
500961812538
500961812545
500961812574
500961812583
500961812586
500961812591
500961812594
500961812601
500961812658
500961812662
500961812669
500961812673
500961812679
500961812694
500961812697
500961812698
500961812726
500961812734
500961812746
500961812758
500961812760
500961812765
500961812793
500961812795
500961812798
500961812802
500961812805
500961812855
500961812867
500961812870
500961812872
500961812953
500961812964
500961812976
500961812978
500961812981
