500961853003
500961853006
500961853014
500961853015
500961853020
500961853025
500961853043
500961853044
500961853057
500961853065
500961853088
500961853092
500961853111
500961853129
500961853133
500961853135
500961853139
500961853140
500961853142
500961853156
500961853159
500961853177
500961853182
500961853184
500961853186
500961853201
500961853207
500961853219
500961853229
500961853239
500961853284
500961853287
500961853319
500961853322
500961853328
500961853329
500961853330
500961853333
500961853351
500961853353
500961853360
500961853384
500961853425
500961853444
500961853449
500961853451
500961853455
500961853457
500961853459
500961853480
500961853483
500961853489
500961853490
500961853494
500961853497
500961853507
500961853514
500961853518
500961853519
500961853522
500961853523
500961853526
500961853536
500961853548
500961853608
500961853619
500961853643
500961853648
500961853650
500961853651
500961853652
500961853672
500961853676
500961853689
500961853700
500961853701
500961853722
500961853724
500961853734
500961853758
500961853764
500961853777
500961853778
500961853782
500961853792
500961853794
500961853802
500961853804
500961853810
500961853816
500961853830
500961853832
500961853835
500961853850
500961853874
500961853878
500961853879
500961853886
500961853887
500961853888
500961853898
500961853909
500961853916
500961853935
500961853937
500961853938
500961853951
500961853970
500961853973
500961853978
500961853984
500961853988
500961853996
500961853999
