500961868006
500961868016
500961868058
500961868071
500961868073
500961868090
500961868092
500961868096
500961868131
500961868133
500961868141
500961868143
500961868144
500961868146
500961868170
500961868174
500961868186
500961868211
500961868215
500961868225
500961868229
500961868237
500961868245
500961868274
500961868276
500961868278
500961868290
500961868291
500961868293
500961868311
500961868318
500961868320
500961868324
500961868353
500961868366
500961868368
500961868375
500961868379
500961868380
500961868389
500961868391
500961868393
500961868394
500961868402
500961868407
500961868410
500961868425
500961868437
500961868440
500961868453
500961868572
500961868576
500961868592
500961868599
500961868602
500961868604
500961868614
500961868630
500961868652
500961868653
500961868655
500961868658
500961868664
500961868673
500961868674
500961868683
500961868685
500961868689
500961868690
500961868693
500961868696
500961868718
500961868727
500961868729
500961868735
500961868737
500961868740
500961868744
500961868756
500961868759
500961868765
500961868766
500961868799
500961868800
500961868804
500961868806
500961868817
