500961976323
500961976330
500961976340
500961976342
500961976375
500961976381
500961976386
500961976388
500961976390
500961976432
500961976437
500961976438
500961976445
500961976447
500961976454
500961976470
500961976473
500961976484
500961976498
500961976499
500961976503
500961976508
500961976516
500961976519
500961976528
500961976540
500961976551
500961976556
500961976566
500961976572
500961976593
500961976600
500961976616
500961976626
500961976632
500961976649
500961976680
500961976681
500961976690
500961976717
500961976719
500961976737
500961976738
500961976740
500961976741
500961976745
500961976754
500961976760
500961976772
500961976774
500961976779
500961976790
500961976798
500961976800
500961976806
500961976817
500961976821
500961976825
500961976829
500961976832
500961976838
500961976853
500961976881
500961976899
500961976937
500961976942
500961976949
500961976955
500961976962
500961976973
500961976989
500961976992
500961976994
