500907989037
500907989038
500907989040
500907989043
500907989046
500907989047
500907989049
500907989051
500907989054
500907989055
500907989057
500907989059
500907989060
500907989062
500907989064
500907989065
500907989068
500907989072
500907989075
500907989078
500907989081
500907989082
500907989087
500907989088
500907989089
500907989093
500907989146
500907989147
500907989149
500907989151
500907989152
500907989194
500907989209
500907989262
500907989321
500907989327
500907989338
500907989340
500907989370
500907989402
500907989413
500907989555
500907989564
500907989629
500907989635
500907989690
500907989705
500907989725
500907989737
500907989741
500907989748
500907989762
500907989839
500907989904
500907989906
500907989927
500907989939
500907989961
