501008174008
501008174014
501008174031
501008174034
501008174048
501008174059
501008174086
501008174164
501008174168
501008174204
501008174207
501008174219
501008174233
501008174234
501008174235
501008174282
501008174289
501008174294
501008174344
501008174353
501008174355
501008174357
501008174365
501008174374
501008174381
501008174384
501008174387
501008174403
501008174406
501008174408
501008174410
501008174426
501008174433
501008174435
501008174441
501008174444
501008174449
501008174503
501008174506
501008174518
501008174525
501008174538
501008174564
501008174571
501008174574
501008174577
501008174629
501008174651
501008174667
501008174673
501008174700
501008174701
501008174707
501008174710
501008174725
501008174740
501008174743
501008174756
501008174761
501008174762
501008174770
501008174772
501008174782
501008174800
501008174804
501008174828
501008174840
501008174852
501008174854
501008174858
501008174862
501008174874
501008174878
501008174885
501008174887
501008174889
501008174893
501008174912
501008174934
501008174936
501008174953
501008174957
501008174964
501008174974
501008174976
501008174980
501008174999
