501008568043
501008568050
501008568060
501008568063
501008568065
501008568081
501008568099
501008568117
501008568122
501008568136
501008568165
501008568172
501008568181
501008568182
501008568216
501008568227
501008568248
501008568255
501008568257
501008568269
501008568278
501008568279
501008568280
501008568285
501008568286
501008568287
501008568308
501008568324
501008568326
501008568332
501008568350
501008568356
501008568360
501008568361
501008568364
501008568384
501008568399
501008568417
501008568435
501008568438
501008568460
501008568478
501008568491
501008568494
501008568534
501008568541
501008568576
501008568580
501008568590
501008568624
501008568628
501008568640
501008568653
501008568654
501008568685
501008568691
501008568694
501008568700
501008568702
501008568708
501008568711
501008568718
501008568720
501008568735
501008568738
501008568776
501008568787
501008568802
501008568811
501008568822
501008568829
501008568831
501008568839
501008568840
501008568843
501008568847
501008568848
501008568856
501008568882
501008568893
501008568895
501008568897
501008568938
501008568952
501008568974
501008568975
501008568981
501008568984
