501008796009
501008796016
501008796020
501008796027
501008796030
501008796033
501008796098
501008796107
501008796112
501008796148
501008796150
501008796152
501008796154
501008796185
501008796198
501008796203
501008796223
501008796226
501008796242
501008796243
501008796259
501008796270
501008796273
501008796305
501008796310
501008796316
501008796317
501008796333
501008796335
501008796338
501008796351
501008796353
501008796356
501008796358
501008796373
501008796398
501008796401
501008796403
501008796406
501008796416
501008796421
501008796423
501008796439
501008796442
501008796449
501008796472
501008796488
501008796501
501008796508
501008796529
501008796546
501008796563
501008796568
501008796570
501008796573
501008796574
501008796583
501008796593
501008796598
501008796599
501008796603
501008796609
501008796627
501008796629
501008796641
501008796642
501008796644
501008796645
501008796668
501008796669
501008796679
501008796682
501008796684
501008796685
501008796686
501008796688
501008796694
501008796698
501008796722
501008796725
501008796742
501008796760
501008796764
501008796775
501008796779
501008796784
501008796815
501008796845
501008796852
501008796863
501008796871
501008796874
501008796876
501008796890
501008796895
501008796920
501008796922
501008796928
501008796935
501008796936
501008796949
501008796953
501008796973
501008796994
501008796997
