500514748014
500514748021
500514748035
500514748047
500514748052
500514748061
500514748071
500514748078
500514748084
500514748095
500514748112
500514748118
500514748129
500514748142
500514748158
500514748163
500514748171
500514748183
500514748195
500514748199
500514748208
500514748229
500514748252
500514748254
500514748297
500514748306
500514748343
500514748373
500514748417
500514748483
500514748548
500514748566
500514748572
500514748577
500514748618
500514748730
500514748798
500514748912
500514748956
500514748998
