501105096073
501105096514
501105096515
501105096516
501105096517
501105096518
501105096520
501105096521
501105096551
501105096552
501105096554
501105096560
501105096565
501105096568
501105096569
501105096571
501105096573
501105096575
501105096576
501105096577
501105096580
501105096582
501105096583
501105096585
501105096587
501105096593
501105096594
501105096595
501105096597
501105096599
501105096601
501105096602
501105096610
501105096611
501105096612
501105096614
501105096617
501105096618
501105096619
501105096621
501105096623
501105096624
501105096625
501105096626
501105096628
501105096629
501105096631
501105096632
501105096635
501105096636
501105096637
501105096638
501105096640
501105096641
501105096642
501105096643
501105096645
501105096646
501105096647
501105096649
501105096651
501105096652
501105096654
501105096656
501105096658
501105096660
501105096662
501105096663
501105096664
501105096665
501105096666
501105096697
501105096702
501105096826
501105096844
501105096871
