501105434147
501105434167
501105434195
501105434212
501105434258
501105434415
501105434526
501105434539
501105434541
501105434638
501105434639
501105434675
501105434753
501105434754
501105434790
501105434795
501105434835
501105434836
501105434837
501105434839
501105434841
501105434843
501105434844
501105434845
501105434847
501105434848
501105434850
501105434853
501105434856
501105434860
501105434862
501105434864
501105434866
501105434867
501105434869
501105434871
501105434873
501105434952
501105434971
501105434979
501105434980
501105434981
501105434983
501105434985
501105434986
501105434988
501105434990
501105434991
501105434994
501105434995
501105434996
501105434997
501105434998
501105434999
