500900446002
500900446007
500900446008
500900446011
500900446016
500900446020
500900446022
500900446072
500900446073
500900446078
500900446086
500900446114
500900446120
500900446123
500900446127
500900446133
500900446151
500900446164
500900446174
500900446181
500900446192
500900446193
500900446195
500900446197
500900446201
500900446207
500900446211
500900446219
500900446257
500900446301
500900446340
500900446356
500900446436
500900446449
500900446467
500900446475
500900446486
500900446518
500900446520
500900446543
500900446585
500900446596
500900446600
500900446624
500900446629
500900446641
500900446673
500900446681
500900446690
500900446745
500900446751
500900446754
500900446762
500900446764
500900446767
500900446771
500900446772
500900446776
500900446820
500900446821
500900446822
500900446843
500900446870
500900446871
500900446896
500900446914
500900446924
500900446925
500900446930
500900446936
500900446939
500900446951
500900446955
500900446960
500900446990
500900446997
