500396924024
500396924029
500396924035
500396924038
500396924044
500396924051
500396924061
500396924063
500396924070
500396924072
500396924076
500396924082
500396924087
500396924132
500396924193
500396924236
500396924360
500396924451
500396924518
500396924554
500396924569
500396924581
500396924583
500396924634
500396924635
500396924637
500396924638
500396924639
500396924640
500396924643
500396924645
500396924648
500396924650
500396924653
500396924855
500396924930
500396924932
500396924939
500396924957
500396924959
