501066426067
501066426068
501066426076
501066426099
501066426101
501066426105
501066426110
501066426116
501066426120
501066426127
501066426130
501066426131
501066426135
501066426136
501066426143
501066426144
501066426145
501066426146
501066426149
501066426150
501066426151
501066426153
501066426155
501066426168
501066426170
501066426172
501066426177
501066426180
501066426181
501066426186
501066426196
501066426201
501066426203
501066426205
501066426215
501066426218
501066426220
501066426221
501066426227
501066426229
501066426230
501066426232
501066426236
501066426239
501066426240
501066426242
501066426247
501066426249
501066426253
501066426261
501066426267
501066426271
501066426280
501066426284
501066426285
501066426288
501066426290
501066426294
501066426295
501066426296
501066426298
501066426312
501066426313
501066426315
501066426317
501066426342
501066426377
501066426521
501066426536
501066426547
501066426568
501066426597
501066426624
501066426665
501066426671
