501040670050
501040670051
501040670126
501040670157
501040670208
501040670211
501040670230
501040670245
501040670263
501040670327
501040670346
501040670371
501040670381
501040670406
501040670416
501040670421
501040670441
501040670510
501040670531
501040670538
501040670588
501040670617
501040670638
501040670666
501040670670
501040670672
501040670676
501040670688
501040670702
501040670708
501040670757
501040670780
501040670793
501040670822
501040670866
501040670876
501040670879
501040670884
501040670886
501040670889
501040670890
501040670896
501040670908
501040670920
501040670922
501040670966
501040670985
501040670996
