501040704007
501040704038
501040704145
501040704148
501040704174
501040704211
501040704222
501040704225
501040704235
501040704237
501040704240
501040704251
501040704258
501040704275
501040704291
501040704308
501040704312
501040704326
501040704406
501040704410
501040704416
501040704439
501040704441
501040704442
501040704444
501040704446
501040704448
501040704450
501040704452
501040704453
501040704455
501040704458
501040704461
501040704463
501040704465
501040704467
501040704471
501040704472
501040704474
501040704475
501040704477
501040704478
501040704502
501040704503
501040704504
501040704506
501040704507
501040704508
501040704509
501040704510
501040704511
501040704513
501040704515
501040704516
501040704517
501040704519
501040704520
501040704521
501040704523
501040704547
501040704554
501040704555
501040704576
501040704651
501040704696
501040704745
501040704773
501040704776
501040704825
501040704857
501040704930
501040704933
501040704934
501040704938
501040704947
501040704951
501040704978
501040704979
