501040724030
501040724046
501040724063
501040724104
501040724120
501040724122
501040724149
501040724160
501040724188
501040724202
501040724206
501040724213
501040724237
501040724267
501040724324
501040724350
501040724384
501040724394
501040724404
501040724425
501040724456
501040724464
501040724482
501040724508
501040724509
501040724533
501040724552
501040724555
501040724558
501040724697
501040724703
501040724810
501040724816
501040724827
501040724838
501040724870
501040724889
501040724892
501040724893
501040724927
501040724937
501040724941
501040724945
501040724947
501040724949
501040724985
501040724987
501040724997
