500977033001
500977033005
500977033013
500977033016
500977033023
500977033025
500977033033
500977033036
500977033039
500977033046
500977033051
500977033091
500977033097
500977033117
500977033152
500977033160
500977033163
500977033166
500977033171
500977033180
500977033224
500977033226
500977033229
500977033230
500977033235
500977033241
500977033274
500977033296
500977033299
500977033308
500977033323
500977033351
500977033355
500977033378
500977033392
500977033394
500977033396
500977033397
500977033402
500977033403
500977033407
500977033409
500977033425
500977033432
500977033446
500977033454
500977033456
500977033457
500977033477
500977033486
500977033488
500977033504
500977033506
500977033517
500977033530
500977033541
500977033547
500977033553
500977033568
500977033575
500977033577
500977033589
500977033622
500977033627
500977033629
500977033632
500977033651
500977033652
500977033657
500977033658
500977033659
500977033662
500977033665
500977033677
500977033679
500977033680
500977033685
500977033688
500977033691
500977033710
500977033712
500977033714
500977033720
500977033729
500977033734
500977033741
500977033742
500977033747
500977033748
500977033750
500977033754
500977033755
500977033759
500977033795
500977033801
500977033807
500977033821
500977033823
500977033841
500977033843
500977033851
500977033880
500977033886
500977033891
500977033901
500977033902
500977033909
500977033911
500977033914
500977033921
500977033923
500977033938
500977033940
500977033944
500977033948
500977033953
500977033955
500977033960
500977033969
500977033976
500977033979
500977033990
500977033998
