500977271003
500977271012
500977271019
500977271020
500977271024
500977271027
500977271029
500977271036
500977271059
500977271071
500977271073
500977271082
500977271092
500977271101
500977271106
500977271109
500977271117
500977271127
500977271132
500977271136
500977271138
500977271155
500977271159
500977271167
500977271181
500977271190
500977271196
500977271199
500977271201
500977271209
500977271210
500977271220
500977271241
500977271242
500977271245
500977271247
500977271249
500977271257
500977271260
500977271264
500977271271
500977271281
500977271282
500977271286
500977271289
500977271290
500977271292
500977271295
500977271310
500977271313
500977271329
500977271340
500977271342
500977271346
500977271358
500977271359
500977271372
500977271390
500977271412
500977271413
500977271417
500977271432
500977271433
500977271475
500977271476
500977271482
500977271484
500977271486
500977271487
500977271501
500977271503
500977271510
500977271513
500977271515
500977271517
500977271518
500977271522
500977271527
500977271528
500977271578
500977271583
500977271602
500977271605
500977271609
500977271614
500977271615
500977271618
500977271619
500977271620
500977271632
500977271633
500977271635
500977271663
500977271667
500977271688
500977271711
500977271712
500977271721
500977271723
500977271733
500977271739
500977271742
500977271747
500977271755
500977271758
500977271760
500977271763
500977271785
500977271787
500977271797
500977271803
500977271814
500977271816
500977271825
500977271830
500977271831
500977271844
500977271863
500977271872
500977271874
500977271879
500977271880
500977271886
500977271891
500977271923
500977271931
500977271956
500977271958
500977271963
500977271964
500977271976
