500977554019
500977554044
500977554053
500977554062
500977554073
500977554077
500977554080
500977554093
500977554095
500977554109
500977554113
500977554146
500977554150
500977554155
500977554172
500977554186
500977554193
500977554198
500977554201
500977554205
500977554210
500977554219
500977554231
500977554244
500977554245
500977554253
500977554330
500977554331
500977554334
500977554340
500977554342
500977554381
500977554395
500977554397
500977554407
500977554412
500977554414
500977554416
500977554435
500977554451
500977554476
500977554479
500977554495
500977554499
500977554502
500977554516
500977554519
500977554524
500977554526
500977554534
500977554540
500977554548
500977554630
500977554674
500977554693
500977554714
500977554717
500977554723
500977554737
500977554747
500977554762
500977554768
500977554783
500977554785
500977554793
500977554806
500977554815
500977554818
500977554819
500977554820
500977554826
500977554855
500977554867
500977554868
500977554872
500977554898
500977554905
500977554918
500977554933
500977554940
500977554951
500977554963
500977554967
500977554976
500977554990
500977554992
