500977769003
500977769014
500977769019
500977769023
500977769042
500977769048
500977769058
500977769077
500977769080
500977769083
500977769087
500977769101
500977769103
500977769119
500977769120
500977769130
500977769136
500977769140
500977769146
500977769152
500977769155
500977769164
500977769166
500977769170
500977769173
500977769175
500977769176
500977769194
500977769234
500977769252
500977769288
500977769299
500977769302
500977769306
500977769329
500977769364
500977769369
500977769372
500977769374
500977769383
500977769392
500977769401
500977769404
500977769413
500977769417
500977769421
500977769423
500977769429
500977769437
500977769443
500977769459
500977769461
500977769505
500977769511
500977769514
500977769521
500977769527
500977769550
500977769566
500977769568
500977769580
500977769583
500977769595
500977769610
500977769617
500977769618
500977769662
500977769664
500977769672
500977769674
500977769683
500977769687
500977769690
500977769693
500977769699
500977769725
500977769753
500977769759
500977769768
500977769771
500977769776
500977769795
500977769809
500977769811
500977769831
500977769847
500977769851
500977769852
500977769857
500977769872
500977769876
500977769908
500977769916
500977769930
500977769935
500977769951
500977769953
500977769957
500977769960
500977769962
500977769985
