501087208075
501087208125
501087208141
501087208150
501087208213
501087208282
501087208338
501087208391
501087208409
501087208411
501087208414
501087208440
501087208450
501087208451
501087208455
501087208458
501087208459
501087208460
501087208465
501087208469
501087208473
501087208479
501087208480
501087208484
501087208487
501087208489
501087208491
501087208495
501087208496
501087208498
501087208502
501087208505
501087208512
501087208514
501087208518
501087208544
501087208695
501087208703
501087208706
501087208716
501087208717
501087208718
501087208719
501087208725
501087208728
501087208730
501087208731
501087208733
501087208739
501087208740
501087208741
501087208743
501087208744
501087208746
501087208747
501087208749
501087208750
501087208754
501087208759
501087208762
501087208778
501087208783
501087208785
501087208787
501087208860
501087208918
501087208920
501087208963
501087208970
