500922058352
500922058362
500922058437
500922058450
500922058477
500922058499
500922058505
500922058547
500922058568
500922058584
500922058586
500922058595
500922058598
500922058603
500922058613
500922058623
500922058624
500922058632
500922058638
500922058641
500922058644
500922058646
500922058647
500922058660
500922058662
500922058678
500922058683
500922058689
500922058692
500922058694
500922058697
500922058700
500922058707
500922058715
500922058719
500922058729
500922058733
500922058738
500922058749
500922058752
500922058754
500922058790
500922058812
