500854987001
500854987003
500854987022
500854987093
500854987097
500854987099
500854987111
500854987119
500854987120
500854987121
500854987122
500854987123
500854987129
500854987150
500854987152
500854987154
500854987158
500854987162
500854987176
500854987180
500854987187
500854987189
500854987196
500854987200
500854987203
500854987206
500854987211
500854987213
500854987221
500854987229
500854987233
500854987237
500854987247
500854987254
500854987260
500854987267
500854987271
500854987288
500854987371
500854987406
500854987408
500854987418
500854987466
500854987530
500854987544
500854987568
500854987582
500854987654
500854987694
500854987748
500854987820
500854987883
500854987971
