500974364004
500974364034
500974364042
500974364048
500974364050
500974364077
500974364121
500974364141
500974364154
500974364168
500974364172
500974364227
500974364235
500974364252
500974364262
500974364272
500974364280
500974364285
500974364305
500974364315
500974364320
500974364322
500974364324
500974364325
500974364335
500974364340
500974364342
500974364350
500974364355
500974364370
500974364377
500974364387
500974364392
500974364393
500974364394
500974364396
500974364398
500974364404
500974364410
500974364453
500974364464
500974364472
500974364482
500974364488
500974364502
500974364503
500974364511
500974364520
500974364597
500974364607
500974364624
500974364628
500974364638
500974364642
500974364644
500974364660
500974364666
500974364682
500974364687
500974364689
500974364692
500974364704
500974364705
500974364712
500974364715
500974364722
500974364753
500974364756
500974364761
500974364768
500974364793
500974364794
500974364825
500974364826
500974364828
500974364831
500974364833
500974364837
500974364844
500974364851
500974364861
500974364875
500974364909
500974364916
500974364921
500974364927
500974364929
500974364933
500974364935
500974364939
500974364947
500974364960
500974364963
500974364965
500974364969
500974364985
500974364989
500974364992
500974364995
