500974451020
500974451022
500974451025
500974451028
500974451032
500974451035
500974451038
500974451043
500974451048
500974451052
500974451058
500974451065
500974451085
500974451092
500974451098
500974451101
500974451104
500974451114
500974451126
500974451129
500974451132
500974451135
500974451136
500974451146
500974451148
500974451149
500974451168
500974451176
500974451190
500974451195
500974451197
500974451203
500974451204
500974451214
500974451228
500974451238
500974451243
500974451255
500974451258
500974451261
500974451263
500974451267
500974451280
500974451287
500974451311
500974451315
500974451334
500974451350
500974451351
500974451356
500974451363
500974451372
500974451381
500974451389
500974451398
500974451402
500974451406
500974451409
500974451419
500974451436
500974451458
500974451459
500974451461
500974451486
500974451487
500974451488
500974451493
500974451496
500974451498
500974451507
500974451512
500974451514
500974451516
500974451518
500974451525
500974451536
500974451541
500974451554
500974451564
500974451571
500974451574
500974451578
500974451583
500974451587
500974451591
500974451600
500974451607
500974451611
500974451612
500974451616
500974451629
500974451630
500974451648
500974451650
500974451651
500974451658
500974451663
500974451676
500974451699
500974451731
500974451736
500974451753
500974451754
500974451759
500974451788
500974451791
500974451806
500974451818
500974451821
500974451823
500974451826
500974451831
500974451838
500974451841
500974451858
500974451862
500974451875
500974451884
500974451895
500974451899
500974451913
500974451918
500974451920
500974451924
500974451927
500974451929
500974451971
500974451979
500974451983
500974451986
500974451987
500974451990
