500974542013
500974542040
500974542043
500974542046
500974542067
500974542074
500974542077
500974542100
500974542103
500974542107
500974542131
500974542132
500974542183
500974542201
500974542210
500974542218
500974542223
500974542231
500974542232
500974542235
500974542256
500974542258
500974542259
500974542260
500974542262
500974542272
500974542275
500974542298
500974542317
500974542328
500974542356
500974542358
500974542390
500974542393
500974542408
500974542410
500974542414
500974542421
500974542436
500974542439
500974542465
500974542467
500974542475
500974542492
500974542506
500974542507
500974542510
500974542512
500974542514
500974542516
500974542517
500974542520
500974542532
500974542536
500974542537
500974542543
500974542549
500974542551
500974542555
500974542558
500974542560
500974542562
500974542568
500974542570
500974542571
500974542586
500974542608
500974542610
500974542613
500974542645
500974542661
500974542663
500974542675
500974542678
500974542692
500974542694
500974542697
500974542699
500974542705
500974542706
500974542718
500974542748
500974542751
500974542756
500974542764
500974542770
500974542803
500974542814
500974542827
500974542830
500974542833
500974542837
500974542857
500974542860
500974542889
500974542908
500974542918
500974542926
500974542970
500974542972
500974542977
500974542988
