500974644013
500974644353
500974644355
500974644365
500974644372
500974644379
500974644386
500974644392
500974644411
500974644414
500974644417
500974644428
500974644432
500974644433
500974644439
500974644458
500974644460
500974644464
500974644474
500974644490
500974644494
500974644496
500974644516
500974644520
500974644551
500974644552
500974644555
500974644557
500974644580
500974644598
500974644663
500974644673
500974644674
500974644677
500974644689
500974644697
500974644713
500974644716
500974644739
500974644748
