500974823008
500974823012
500974823014
500974823021
500974823022
500974823024
500974823037
500974823051
500974823052
500974823053
500974823058
500974823066
500974823071
500974823073
500974823079
500974823082
500974823086
500974823087
500974823097
500974823100
500974823106
500974823109
500974823111
500974823113
500974823117
500974823121
500974823132
500974823137
500974823143
500974823149
500974823158
500974823171
500974823179
500974823194
500974823202
500974823210
500974823238
500974823240
500974823241
500974823251
500974823262
500974823268
500974823285
500974823301
500974823303
500974823305
500974823311
500974823322
500974823342
500974823345
500974823355
500974823381
500974823384
500974823389
500974823390
500974823398
500974823402
500974823406
500974823411
500974823412
500974823445
500974823457
500974823458
500974823466
500974823480
500974823481
500974823492
500974823498
500974823501
500974823506
500974823515
500974823517
500974823552
500974823561
500974823577
500974823597
500974823615
500974823657
500974823668
500974823680
500974823686
500974823691
500974823704
500974823711
500974823713
500974823715
500974823717
500974823724
500974823729
500974823740
500974823743
500974823750
500974823752
500974823760
500974823766
500974823768
500974823771
500974823773
500974823789
500974823792
500974823819
500974823825
500974823828
500974823829
500974823838
500974823842
500974823851
500974823852
500974823860
500974823862
500974823880
500974823883
500974823889
500974823891
500974823894
500974823901
500974823904
500974823908
500974823909
500974823924
500974823926
500974823930
500974823935
500974823939
500974823941
500974823943
500974823945
500974823948
500974823951
500974823956
500974823959
500974823965
500974823995
