500754154001
500754154003
500754154016
500754154023
500754154027
500754154029
500754154037
500754154039
500754154040
500754154043
500754154047
500754154058
500754154060
500754154061
500754154064
500754154066
500754154236
500754154240
500754154241
500754154243
500754154245
500754154247
500754154249
500754154251
500754154255
500754154256
500754154257
500754154258
500754154260
500754154263
500754154264
500754154266
500754154267
500754154269
500754154271
500754154273
500754154274
500754154276
500754154279
500754154280
500754154283
500754154320
500754154322
500754154323
500754154325
500754154366
500754154494
500754154555
500754154632
500754154650
500754154690
500754154723
500754154864
500754154893
500754154990
500754154994
