500932200024
500932200027
500932200032
500932200036
500932200038
500932200041
500932200049
500932200051
500932200053
500932200076
500932200078
500932200081
500932200091
500932200092
500932200094
500932200103
500932200107
500932200122
500932200124
500932200128
500932200135
500932200146
500932200153
500932200159
500932200178
500932200202
500932200208
500932200209
500932200210
500932200213
500932200219
500932200221
500932200223
500932200226
500932200228
500932200239
500932200244
500932200260
500932200262
500932200273
500932200291
500932200293
500932200306
500932200309
