500932357002
500932357004
500932357005
500932357012
500932357048
500932357050
500932357055
500932357057
500932357078
500932357092
500932357096
500932357105
500932357106
500932357111
500932357114
500932357120
500932357125
500932357126
500932357128
500932357131
500932357138
500932357143
500932357153
500932357160
500932357164
500932357166
500932357168
500932357197
500932357199
500932357213
500932357232
500932357244
500932357247
500932357256
500932357257
500932357258
500932357285
500932357313
500932357315
500932357821
500932357825
500932357829
500932357834
500932357839
500932357843
500932357844
500932357850
500932357855
500932357861
500932357868
500932357869
500932357875
500932357876
500932357927
