500932391003
500932391004
500932391010
500932391016
500932391021
500932391024
500932391056
500932391058
500932391098
500932391103
500932391119
500932391150
500932391228
500932391233
500932391239
500932391242
500932391247
500932391252
500932391257
500932391259
500932391268
500932391271
500932391283
500932391306
500932391312
500932391317
500932391318
500932391320
500932391822
500932391826
500932391832
500932391862
500932391911
500932391914
500932391920
500932391921
500932391939
500932391943
500932391960
500932391979
500932391995
