500932543020
500932543088
500932543096
500932543142
500932543170
500932543176
500932543188
500932543202
500932543247
500932543250
500932543287
500932543292
500932543340
500932543372
500932543373
500932543374
500932543424
500932543554
500932543555
500932543575
500932543583
500932543585
500932543609
500932543618
500932543622
500932543635
500932543641
500932543692
500932543714
500932543822
500932543826
500932543859
500932543877
500932543896
500932543900
500932543920
500932543924
500932543939
500932543947
500932543948
