500932728003
500932728004
500932728007
500932728009
500932728010
500932728022
500932728043
500932728052
500932728062
500932728073
500932728074
500932728078
500932728084
500932728097
500932728101
500932728122
500932728125
500932728133
500932728143
500932728148
500932728153
500932728156
500932728160
500932728166
500932728167
500932728170
500932728174
500932728175
500932728183
500932728191
500932728200
500932728211
500932728215
500932728219
500932728222
500932728241
500932728242
500932728246
500932728247
500932728248
500932728251
500932728257
500932728268
500932728279
500932728292
500932728304
500932728312
500932728314
500932728318
500932728333
500932728336
500932728364
500932728374
500932728383
500932728390
500932728393
500932728399
500932728400
500932728401
500932728405
500932728420
500932728424
500932728451
500932728458
500932728459
500932728460
500932728461
500932728465
500932728472
500932728473
500932728483
500932728491
500932728492
500932728497
500932728498
500932728504
500932728509
500932728511
500932728517
500932728582
500932728588
500932728589
500932728599
500932728627
500932728630
500932728633
500932728651
500932728654
500932728672
500932728674
500932728685
500932728701
500932728726
500932728732
500932728746
500932728755
500932728766
500932728769
500932728776
500932728781
500932728784
500932728811
500932728816
500932728825
500932728839
500932728854
500932728856
500932728862
500932728864
500932728886
500932728889
500932728896
500932728897
500932728898
500932728906
500932728916
500932728929
500932728935
500932728937
500932728940
500932728963
500932728971
500932728973
500932728979
500932728993
500932728996
