500932887025
500932887033
500932887048
500932887059
500932887067
500932887108
500932887110
500932887111
500932887132
500932887144
500932887147
500932887189
500932887192
500932887200
500932887212
500932887218
500932887221
500932887239
500932887281
500932887285
500932887292
500932887293
500932887294
500932887296
500932887331
500932887337
500932887348
500932887356
500932887362
500932887371
500932887377
500932887389
500932887390
500932887398
500932887411
500932887428
500932887433
500932887475
500932887544
500932887557
500932887570
500932887574
500932887575
500932887582
500932887583
500932887597
500932887601
500932887616
500932887629
500932887631
500932887633
500932887639
500932887641
500932887642
500932887646
500932887655
500932887657
500932887658
500932887663
500932887664
500932887674
500932887707
500932887711
500932887719
500932887722
500932887744
500932887748
500932887749
500932887754
500932887758
500932887768
500932887770
500932887786
500932887819
500932887825
500932887830
500932887835
500932887839
500932887847
500932887852
500932887854
500932887861
500932887877
500932887880
500932887881
500932887884
500932887886
500932887888
500932887913
500932887917
500932887934
500932887947
500932887969
500932887982
500932887984
500932887987
