501030063038
501030063052
501030063124
501030063137
501030063141
501030063146
501030063167
501030063189
501030063381
501030063382
501030063417
501030063422
501030063427
501030063439
501030063534
501030063590
501030063594
501030063595
501030063614
501030063716
501030063720
501030063728
501030063743
501030063745
501030063747
501030063748
501030063755
501030063760
501030063769
501030063782
501030063790
501030063796
501030063806
501030063816
501030063826
501030063835
501030063843
501030063847
501030063860
501030063862
501030063873
501030063875
501030063876
501030063879
501030063883
501030063888
501030063939
501030063976
