501033338000
501033338009
501033338027
501033338030
501033338067
501033338069
501033338112
501033338116
501033338145
501033338184
501033338210
501033338234
501033338269
501033338276
501033338280
501033338286
501033338309
501033338315
501033338369
501033338397
501033338417
501033338430
501033338442
501033338444
501033338451
501033338461
501033338489
501033338493
501033338494
501033338496
501033338509
501033338540
501033338593
501033338610
501033338627
501033338630
501033338648
501033338659
501033338681
501033338694
501033338696
501033338697
501033338708
501033338711
501033338720
501033338722
501033338738
501033338739
501033338742
501033338751
501033338878
501033338917
501033338932
501033338956
501033338992
501033338994
