501033567089
501033567090
501033567103
501033567131
501033567144
501033567193
501033567217
501033567240
501033567248
501033567250
501033567259
501033567261
501033567263
501033567264
501033567266
501033567276
501033567277
501033567278
501033567280
501033567282
501033567289
501033567291
501033567293
501033567344
501033567347
501033567396
501033567405
501033567416
501033567424
501033567493
501033567535
501033567537
501033567558
501033567569
501033567608
501033567612
501033567621
501033567684
501033567739
501033567746
501033567750
501033567751
501033567753
501033567756
501033567779
501033567790
501033567791
501033567794
501033567849
501033567876
501033567897
501033567903
501033567927
501033567933
501033567987
501033567988
