501033632014
501033632019
501033632039
501033632044
501033632070
501033632105
501033632111
501033632177
501033632248
501033632323
501033632330
501033632332
501033632353
501033632379
501033632389
501033632391
501033632393
501033632399
501033632437
501033632495
501033632497
501033632526
501033632537
501033632541
501033632543
501033632553
501033632565
501033632573
501033632576
501033632605
501033632607
501033632610
501033632619
501033632625
501033632627
501033632648
501033632652
501033632654
501033632655
501033632672
501033632690
501033632693
501033632721
501033632728
501033632741
501033632768
501033632770
501033632772
501033632780
501033632803
501033632898
501033632955
