501033839071
501033839083
501033839100
501033839109
501033839118
501033839119
501033839153
501033839165
501033839199
501033839202
501033839205
501033839234
501033839258
501033839262
501033839302
501033839362
501033839386
501033839465
501033839536
501033839542
501033839593
501033839615
501033839625
501033839626
501033839631
501033839643
501033839687
501033839689
501033839713
501033839719
501033839723
501033839735
501033839752
501033839754
501033839755
501033839756
501033839757
501033839759
501033839760
501033839761
501033839763
501033839785
501033839793
501033839795
501033839796
501033839811
501033839824
501033839836
501033839863
501033839880
501033839887
501033839976
501033839978
501033839979
