501033925053
501033925056
501033925060
501033925076
501033925132
501033925134
501033925165
501033925168
501033925172
501033925196
501033925208
501033925229
501033925272
501033925275
501033925285
501033925342
501033925347
501033925419
501033925426
501033925429
501033925458
501033925478
501033925530
501033925564
501033925566
501033925569
501033925589
501033925633
501033925653
501033925660
501033925676
501033925681
501033925727
501033925786
501033925807
501033925848
501033925879
501033925923
501033925927
501033925958
501033925961
501033925997
