500547254060
500547254088
500547254209
500547254237
500547254247
500547254285
500547254348
500547254383
500547254392
500547254397
500547254453
500547254545
500547254616
500547254792
500547254797
500547254798
500547254805
500547254808
500547254815
500547254832
500547254837
500547254840
500547254842
500547254852
500547254857
500547254861
500547254868
500547254882
500547254900
500547254905
500547254911
500547254920
500547254925
500547254926
500547254935
500547254941
500547254946
500547254958
500547254961
500547254970
500547254974
500547254981
500547254984
500547254994
