501098890040
501098890084
501098890098
501098890104
501098890118
501098890120
501098890123
501098890125
501098890143
501098890147
501098890150
501098890152
501098890154
501098890158
501098890160
501098890164
501098890174
501098890189
501098890194
501098890195
501098890245
501098890282
501098890288
501098890383
501098890386
501098890407
501098890434
501098890439
501098890444
501098890452
501098890466
501098890480
501098890647
501098890805
501098890808
501098890837
501098890864
501098890865
501098890901
501098890903
501098890916
501098890918
501098890933
501098890955
501098890994
