501088771012
501088771032
501088771034
501088771093
501088771293
501088771363
501088771366
501088771369
501088771396
501088771408
501088771469
501088771478
501088771485
501088771486
501088771490
501088771492
501088771494
501088771512
501088771551
501088771565
501088771570
501088771573
501088771578
501088771579
501088771580
501088771584
501088771586
501088771587
501088771588
501088771590
501088771591
501088771592
501088771593
501088771596
501088771598
501088771599
501088771600
501088771602
501088771606
501088771609
501088771610
501088771612
501088771614
501088771616
501088771618
501088771619
501088771621
501088771622
501088771624
501088771625
501088771626
501088771628
501088771632
501088771634
501088771636
501088771639
501088771641
501088771646
501088771647
501088771649
501088771650
501088771651
501088771653
501088771654
501088771660
501088771661
501088771665
501088771668
501088771670
501088771683
501088771684
501088771741
501088771788
501088771789
501088771792
501088771795
501088771800
501088771802
501088771803
501088771806
501088771807
501088771808
501088771809
501088771810
501088771811
501088771812
501088771813
501088771816
501088771817
501088771818
501088771825
501088771834
501088771835
501088771836
501088771846
501088771909
