501038225000
501038225021
501038225044
501038225045
501038225053
501038225063
501038225110
501038225150
501038225182
501038225215
501038225224
501038225237
501038225251
501038225273
501038225308
501038225329
501038225344
501038225347
501038225349
501038225370
501038225420
501038225433
501038225439
501038225461
501038225500
501038225506
501038225523
501038225554
501038225573
501038225576
501038225598
501038225639
501038225666
501038225752
501038225781
501038225782
501038225817
501038225822
501038225839
501038225862
501038225889
501038225900
501038225937
501038225947
501038225992
501038225994
501038225999
