501038368008
501038368018
501038368020
501038368021
501038368028
501038368029
501038368040
501038368061
501038368062
501038368065
501038368066
501038368131
501038368135
501038368139
501038368208
501038368243
501038368246
501038368290
501038368309
501038368315
501038368322
501038368413
501038368436
501038368462
501038368469
501038368499
501038368501
501038368509
501038368560
501038368600
501038368633
501038368726
501038368763
501038368764
501038368766
501038368811
501038368883
501038368890
501038368908
501038368930
501038368947
501038368950
501038368956
501038368957
501038368958
501038368966
501038368967
501038368972
501038368974
501038368987
