501038471002
501038471064
501038471065
501038471066
501038471102
501038471108
501038471161
501038471283
501038471299
501038471355
501038471356
501038471358
501038471360
501038471376
501038471397
501038471445
501038471472
501038471523
501038471591
501038471594
501038471619
501038471640
501038471707
501038471719
501038471753
501038471754
501038471783
501038471789
501038471794
501038471858
501038471886
501038471907
501038471924
501038471926
501038471931
501038471936
501038471938
501038471939
501038471951
501038471959
501038471966
