501038559083
501038559113
501038559138
501038559154
501038559155
501038559169
501038559174
501038559202
501038559207
501038559213
501038559233
501038559249
501038559282
501038559334
501038559336
501038559373
501038559382
501038559424
501038559456
501038559474
501038559523
501038559538
501038559540
501038559557
501038559560
501038559561
501038559565
501038559573
501038559578
501038559582
501038559625
501038559627
501038559637
501038559648
501038559677
501038559708
501038559714
501038559741
501038559757
501038559759
501038559760
501038559842
501038559846
501038559847
501038559854
501038559855
501038559920
501038559995
