501038660165
501038660194
501038660226
501038660324
501038660326
501038660330
501038660331
501038660339
501038660342
501038660343
501038660350
501038660355
501038660356
501038660359
501038660395
501038660400
501038660402
501038660470
501038660475
501038660486
501038660497
501038660501
501038660503
501038660519
501038660524
501038660558
501038660571
501038660595
501038660597
501038660602
501038660609
501038660619
501038660721
501038660723
501038660778
501038660798
501038660895
501038660900
501038660905
501038660906
501038660928
