500874477027
500874477169
500874477186
500874477190
500874477193
500874477199
500874477235
500874477312
500874477332
500874477362
500874477376
500874477378
500874477386
500874477414
500874477416
500874477432
500874477445
500874477463
500874477479
500874477498
500874477508
500874477552
500874477565
500874477600
500874477605
500874477626
500874477639
500874477657
500874477670
500874477678
500874477679
500874477680
500874477682
500874477695
500874477697
500874477700
500874477702
500874477726
500874477731
500874477736
500874477741
500874477742
500874477750
500874477754
500874477756
500874477763
500874477774
500874477776
500874477786
500874477793
500874477797
500874477808
500874477819
500874477833
500874477853
500874477854
500874477891
