501049098086
501049098174
501049098294
501049098302
501049098344
501049098347
501049098405
501049098418
501049098429
501049098433
501049098445
501049098447
501049098454
501049098456
501049098458
501049098460
501049098493
501049098502
501049098515
501049098520
501049098521
501049098525
501049098537
501049098545
501049098547
501049098549
501049098552
501049098553
501049098584
501049098597
501049098600
501049098605
501049098609
501049098610
501049098613
501049098615
501049098616
501049098618
501049098634
501049098635
501049098799
501049098972
501049098987
501049098989
501049098992
