501049108106
501049108234
501049108344
501049108345
501049108346
501049108347
501049108348
501049108350
501049108351
501049108353
501049108354
501049108355
501049108356
501049108357
501049108358
501049108359
501049108360
501049108361
501049108362
501049108363
501049108364
501049108365
501049108366
501049108367
501049108368
501049108369
501049108370
501049108371
501049108373
501049108378
501049108384
501049108386
501049108388
501049108400
501049108401
501049108404
501049108426
501049108427
501049108428
501049108433
501049108434
501049108435
501049108452
501049108455
501049108457
501049108458
501049108462
501049108466
501049108480
501049108493
501049108494
501049108497
501049108502
501049108503
501049108504
501049108507
501049108510
501049108511
501049108516
501049108706
501049108708
501049108712
501049108714
501049108717
501049108718
501049108719
501049108720
501049108721
501049108722
501049108723
501049108724
501049108730
501049108732
501049108733
501049108741
501049108748
501049108751
501049108754
501049108761
501049108763
501049108768
501049108769
501049108771
501049108773
501049108781
501049108784
501049108785
501049108789
501049108792
501049108797
501049108803
501049108805
501049108807
501049108812
501049108818
501049108820
501049108821
501049108829
501049108838
501049108856
501049108860
501049108868
501049108870
501049108872
501049108873
501049108874
501049108878
501049108886
501049108887
501049108890
501049108891
501049108892
501049108893
501049108894
501049108896
501049108901
501049108902
501049108904
501049108914
501049108916
501049108920
501049108926
501049108932
501049108980
501049108989
501049108991
501049108994
501049108995
501049108998
