501049451017
501049451043
501049451053
501049451055
501049451075
501049451164
501049451169
501049451170
501049451177
501049451181
501049451184
501049451198
501049451199
501049451400
501049451527
501049451576
501049451606
501049451659
501049451661
501049451663
501049451666
501049451669
501049451671
501049451729
501049451768
501049451820
501049451878
501049451905
501049451962
501049451969
501049451972
501049451977
501049451980
501049451983
501049451985
501049451988
501049451989
501049451991
501049451993
