501049609001
501049609011
501049609025
501049609029
501049609037
501049609041
501049609048
501049609070
501049609081
501049609086
501049609097
501049609099
501049609102
501049609106
501049609112
501049609116
501049609118
501049609121
501049609138
501049609141
501049609145
501049609193
501049609201
501049609205
501049609207
501049609212
501049609214
501049609216
501049609221
501049609222
501049609226
501049609234
501049609241
501049609243
501049609247
501049609256
501049609266
501049609268
501049609273
501049609276
501049609280
501049609282
501049609291
501049609299
501049609300
501049609304
501049609306
501049609309
501049609312
501049609322
501049609328
501049609331
501049609335
501049609337
501049609338
501049609342
501049609346
501049609349
501049609355
501049609358
501049609373
501049609381
501049609392
501049609396
501049609403
501049609405
501049609408
501049609414
501049609417
501049609420
501049609428
501049609433
501049609436
501049609437
501049609438
501049609439
501049609441
501049609443
501049609444
501049609446
501049609465
501049609467
501049609468
501049609506
501049609508
501049609510
501049609517
501049609530
501049609535
501049609598
501049609611
501049609612
501049609675
