500918889331
500918889344
500918889375
500918889384
500918889391
500918889461
500918889470
500918889508
500918889514
500918889538
500918889545
500918889548
500918889577
500918889581
500918889587
500918889601
500918889606
500918889617
500918889624
500918889627
500918889637
500918889651
500918889662
500918889674
500918889680
500918889692
500918889709
500918889716
500918889719
500918889740
500918889741
500918889757
500918889811
500918889832
500918889835
500918889839
500918889863
500918889893
500918889999
