500976196009
500976196015
500976196026
500976196039
500976196049
500976196051
500976196055
500976196057
500976196060
500976196075
500976196091
500976196099
500976196101
500976196111
500976196115
500976196146
500976196194
500976196238
500976196261
500976196266
500976196267
500976196275
500976196277
500976196285
500976196287
500976196292
500976196300
500976196307
500976196308
500976196309
500976196311
500976196323
500976196331
500976196336
500976196340
500976196345
500976196354
500976196388
500976196397
500976196407
500976196432
500976196433
500976196435
500976196466
500976196472
500976196473
500976196475
500976196486
500976196487
500976196500
500976196519
500976196520
500976196525
500976196526
500976196532
500976196536
500976196539
500976196540
500976196560
500976196570
500976196573
500976196576
500976196577
500976196596
500976196597
500976196604
500976196608
500976196614
500976196615
500976196622
500976196623
500976196627
500976196632
500976196645
500976196648
500976196657
500976196663
500976196671
500976196672
500976196683
500976196684
500976196686
500976196696
500976196702
500976196713
500976196715
500976196718
500976196733
500976196758
500976196760
500976196763
500976196765
500976196774
500976196781
500976196786
500976196796
500976196799
500976196801
500976196832
500976196835
500976196843
500976196845
500976196861
500976196877
500976196894
500976196895
500976196899
500976196902
500976196906
500976196911
500976196918
500976196922
500976196923
500976196929
500976196931
500976196932
500976196941
500976196943
500976196967
500976196978
500976196979
500976196981
500976196983
