500976513001
500976513022
500976513027
500976513030
500976513049
500976513054
500976513059
500976513066
500976513073
500976513089
500976513111
500976513124
500976513144
500976513149
500976513155
500976513158
500976513171
500976513176
500976513181
500976513186
500976513187
500976513189
500976513194
500976513207
500976513213
500976513227
500976513231
500976513248
500976513261
500976513282
500976513323
500976513333
500976513339
500976513350
500976513391
500976513392
500976513394
500976513445
500976513451
500976513453
500976513469
500976513475
500976513479
500976513482
500976513489
500976513493
500976513502
500976513511
500976513513
500976513516
500976513530
500976513539
500976513544
500976513546
500976513551
500976513582
500976513600
500976513606
500976513614
500976513620
500976513623
500976513634
500976513636
500976513641
500976513646
500976513663
500976513670
500976513675
500976513685
500976513731
500976513745
500976513749
500976513783
500976513784
500976513810
500976513825
500976513832
500976513845
500976513864
500976513884
500976513886
500976513934
500976513942
500976513948
500976513963
500976513996
500976513998
