500976663022
500976663027
500976663029
500976663032
500976663036
500976663038
500976663045
500976663047
500976663052
500976663055
500976663056
500976663083
500976663132
500976663137
500976663142
500976663148
500976663155
500976663159
500976663166
500976663170
500976663191
500976663195
500976663201
500976663205
500976663213
500976663217
500976663225
500976663228
500976663233
500976663239
500976663252
500976663278
500976663279
500976663299
500976663300
500976663302
500976663308
500976663323
500976663329
500976663338
500976663348
500976663351
500976663355
500976663375
500976663378
500976663387
500976663402
500976663405
500976663409
500976663412
500976663416
500976663417
500976663421
500976663433
500976663444
500976663458
500976663460
500976663475
500976663496
500976663514
500976663516
500976663519
500976663524
500976663533
500976663537
500976663539
500976663549
500976663556
500976663558
500976663564
500976663565
500976663570
500976663571
500976663577
500976663587
500976663590
500976663593
500976663600
500976663612
500976663620
500976663623
500976663628
500976663642
500976663644
500976663649
500976663656
500976663663
500976663677
500976663701
500976663712
500976663717
500976663735
500976663749
500976663752
500976663757
500976663768
500976663769
500976663770
500976663776
500976663778
500976663782
500976663789
500976663791
500976663792
500976663799
500976663805
500976663817
500976663818
500976663822
500976663845
500976663873
500976663876
500976663882
500976663883
500976663884
500976663912
500976663914
500976663916
500976663922
500976663991
