500976687010
500976687012
500976687018
500976687022
500976687054
500976687066
500976687081
500976687083
500976687091
500976687094
500976687095
500976687096
500976687098
500976687099
500976687107
500976687109
500976687117
500976687150
500976687151
500976687155
500976687172
500976687186
500976687188
500976687190
500976687196
500976687200
500976687206
500976687224
500976687232
500976687233
500976687240
500976687250
500976687254
500976687264
500976687268
500976687270
500976687281
500976687306
500976687310
500976687322
500976687324
500976687341
500976687344
500976687347
500976687352
500976687353
500976687355
500976687356
500976687358
500976687365
500976687406
500976687407
500976687409
500976687417
500976687423
500976687427
500976687430
500976687431
500976687433
500976687435
500976687436
500976687443
500976687444
500976687446
500976687448
500976687450
500976687453
500976687456
500976687457
500976687459
500976687460
500976687461
500976687462
500976687463
500976687465
500976687466
500976687467
500976687468
500976687508
500976687510
500976687513
500976687517
500976687524
500976687529
500976687532
500976687547
500976687556
500976687580
500976687590
500976687600
500976687602
500976687612
500976687619
500976687626
500976687629
500976687633
500976687645
500976687659
500976687660
500976687666
500976687687
500976687691
500976687693
500976687698
500976687700
500976687708
500976687709
500976687710
500976687712
500976687727
500976687735
500976687736
500976687757
500976687778
500976687781
500976687785
500976687789
500976687804
500976687816
500976687817
500976687821
500976687833
500976687845
500976687866
500976687872
500976687884
500976687905
500976687936
500976687949
500976687950
500976687952
500976687954
500976687971
500976687985
500976687990
