500976964004
500976964008
500976964021
500976964026
500976964028
500976964029
500976964034
500976964036
500976964039
500976964059
500976964065
500976964073
500976964078
500976964092
500976964097
500976964109
500976964111
500976964147
500976964165
500976964169
500976964192
500976964197
500976964199
500976964201
500976964207
500976964226
500976964227
500976964229
500976964240
500976964245
500976964254
500976964255
500976964264
500976964267
500976964292
500976964295
500976964297
500976964300
500976964311
500976964321
500976964329
500976964372
500976964398
500976964402
500976964414
500976964443
500976964448
500976964458
500976964471
500976964473
500976964498
500976964499
500976964526
500976964532
500976964535
500976964537
500976964543
500976964549
500976964550
500976964555
500976964560
500976964561
500976964564
500976964569
500976964571
500976964578
500976964582
500976964588
500976964590
500976964599
500976964604
500976964611
500976964623
500976964629
500976964631
500976964634
500976964640
500976964644
500976964646
500976964653
500976964675
500976964683
500976964685
500976964707
500976964716
500976964732
500976964736
500976964738
500976964745
500976964757
500976964759
500976964762
500976964774
500976964776
500976964787
500976964809
500976964811
500976964813
500976964848
500976964874
500976964880
500976964882
500976964884
500976964886
500976964890
500976964896
500976964904
500976964926
500976964929
500976964932
500976964934
500976964941
500976964943
500976964947
500976964960
500976964963
500976964966
500976964968
500976964975
500976964980
500976964984
500976964985
500976964991
500976964994
