501083577026
501083577037
501083577054
501083577087
501083577089
501083577105
501083577108
501083577134
501083577155
501083577170
501083577203
501083577219
501083577285
501083577372
501083577373
501083577420
501083577436
501083577451
501083577457
501083577566
501083577602
501083577604
501083577613
501083577615
501083577617
501083577621
501083577628
501083577633
501083577685
501083577698
501083577710
501083577719
501083577773
501083577777
501083577782
501083577786
501083577806
501083577820
501083577821
501083577852
501083577864
501083577896
501083577908
501083577923
501083577931
501083577952
501083577957
