501083608009
501083608036
501083608080
501083608089
501083608092
501083608094
501083608117
501083608194
501083608213
501083608215
501083608217
501083608218
501083608221
501083608224
501083608227
501083608239
501083608256
501083608288
501083608291
501083608292
501083608307
501083608324
501083608348
501083608367
501083608375
501083608381
501083608424
501083608426
501083608427
501083608429
501083608432
501083608437
501083608478
501083608479
501083608521
501083608543
501083608575
501083608603
501083608623
501083608624
501083608639
501083608643
501083608696
501083608741
501083608748
501083608749
501083608751
501083608754
501083608755
501083608773
501083608777
501083608832
501083608847
501083608855
501083608856
501083608859
501083608889
501083608898
501083608900
501083608944
