500964033014
500964033030
500964033035
500964033056
500964033062
500964033065
500964033071
500964033077
500964033085
500964033086
500964033087
500964033094
500964033104
500964033106
500964033118
500964033140
500964033145
500964033153
500964033155
500964033166
500964033167
500964033172
500964033176
500964033179
500964033182
500964033188
500964033194
500964033197
500964033199
500964033206
500964033221
500964033227
500964033241
500964033250
500964033255
500964033264
500964033285
500964033298
500964033319
500964033329
500964033332
500964033340
500964033366
500964033388
500964033393
500964033396
500964033398
500964033428
500964033429
500964033443
500964033489
500964033500
500964033508
500964033516
500964033539
500964033546
500964033560
500964033566
500964033574
500964033587
500964033592
500964033594
500964033595
500964033613
500964033614
500964033623
500964033629
500964033632
500964033634
500964033637
500964033641
500964033652
500964033658
500964033660
500964033678
500964033680
500964033685
500964033687
500964033706
500964033713
500964033715
500964033725
500964033728
500964033731
500964033734
500964033758
500964033760
500964033762
500964033780
500964033810
