500964084000
500964084001
500964084023
500964084024
500964084027
500964084029
500964084030
500964084034
500964084035
500964084037
500964084045
500964084121
500964084129
500964084147
500964084151
500964084152
500964084157
500964084166
500964084168
500964084169
500964084172
500964084181
500964084184
500964084204
500964084206
500964084241
500964084247
500964084250
500964084253
500964084257
500964084259
500964084260
500964084263
500964084264
500964084267
500964084285
500964084288
500964084295
500964084305
500964084312
500964084314
500964084319
500964084321
500964084325
500964084329
500964084333
500964084336
500964084363
500964084367
500964084374
500964084394
500964084416
500964084418
500964084421
500964084425
500964084427
500964084429
500964084438
500964084479
500964084481
500964084492
500964084498
500964084500
500964084503
500964084505
500964084521
500964084537
500964084545
500964084571
500964084578
500964084587
500964084593
500964084600
500964084606
500964084646
500964084685
500964084708
500964084711
500964084724
500964084726
500964084731
500964084734
500964084738
500964084743
500964084746
500964084751
500964084756
500964084757
500964084760
500964084767
500964084783
500964084788
500964084801
500964084815
500964084817
500964084819
500964084825
500964084826
500964084829
500964084830
500964084833
500964084846
500964084857
500964084858
500964084859
500964084862
500964084864
500964084866
500964084874
500964084886
500964084891
500964084905
500964084911
500964084921
500964084927
500964084930
500964084931
500964084938
500964084946
500964084947
500964084976
500964084984
500964084987
500964084992
500964084998
