500964142348
500964142409
500964142414
500964142418
500964142420
500964142422
500964142424
500964142440
500964142445
500964142454
500964142455
500964142458
500964142460
500964142462
500964142464
500964142467
500964142470
500964142475
500964142476
500964142477
500964142487
500964142493
500964142507
500964142511
500964142513
500964142515
500964142523
500964142536
500964142545
500964142551
500964142559
500964142573
500964142579
500964142584
500964142585
500964142588
500964142590
500964142595
500964142596
500964142643
500964142653
500964142660
500964142669
500964142679
500964142689
500964142705
500964142707
500964142710
500964142712
500964142714
500964142718
500964142719
500964142727
500964142735
500964142749
500964142751
500964142754
500964142765
500964142772
500964142778
500964142786
500964142788
500964142794
500964142799
500964142819
500964142829
500964142833
500964142844
500964142847
500964142848
500964142852
500964142860
500964142861
500964142862
500964142869
500964142884
500964142887
500964142905
500964142916
500964142922
500964142924
500964142926
500964142936
500964142943
500964142962
500964142991
