500964150013
500964150014
500964150018
500964150026
500964150055
500964150062
500964150069
500964150072
500964150080
500964150089
500964150094
500964150095
500964150104
500964150109
500964150120
500964150126
500964150129
500964150174
500964150191
500964150202
500964150205
500964150214
500964150215
500964150222
500964150227
500964150235
500964150255
500964150266
500964150274
500964150277
500964150279
500964150283
500964150296
500964150297
500964150305
500964150306
500964150828
500964150845
500964150850
500964150852
500964150860
500964150863
500964150869
500964150884
500964150888
500964150891
500964150900
500964150903
500964150905
500964150908
500964150912
500964150934
500964150969
500964150981
500964150982
500964150984
500964150994
500964150999
