500964342000
500964342004
500964342009
500964342019
500964342033
500964342037
500964342040
500964342044
500964342046
500964342048
500964342092
500964342101
500964342122
500964342129
500964342131
500964342136
500964342139
500964342140
500964342143
500964342153
500964342176
500964342200
500964342203
500964342250
500964342252
500964342257
500964342267
500964342273
500964342298
500964342300
500964342316
500964342318
500964342322
500964342325
500964342335
500964342345
500964342351
500964342353
500964342362
500964342365
500964342380
500964342390
500964342420
500964342463
500964342477
500964342484
500964342495
500964342501
500964342523
500964342525
500964342529
500964342552
500964342554
500964342558
500964342560
500964342566
500964342568
500964342581
500964342590
500964342599
500964342624
500964342627
500964342633
500964342659
500964342664
500964342669
500964342670
500964342675
500964342681
500964342683
500964342686
500964342688
500964342716
500964342723
500964342728
500964342734
500964342737
500964342740
500964342744
500964342752
500964342755
500964342756
500964342761
500964342767
500964342773
500964342775
500964342790
500964342798
500964342802
500964342807
500964342819
500964342824
500964342825
500964342839
500964342843
500964342868
500964342873
500964342922
500964342931
500964342934
500964342975
500964342980
500964342984
