500964612017
500964612043
500964612047
500964612059
500964612062
500964612064
500964612083
500964612086
500964612094
500964612096
500964612098
500964612109
500964612111
500964612120
500964612129
500964612144
500964612149
500964612156
500964612160
500964612186
500964612193
500964612194
500964612231
500964612232
500964612240
500964612242
500964612243
500964612246
500964612249
500964612251
500964612252
500964612255
500964612257
500964612262
500964612266
500964612270
500964612292
500964612293
500964612296
500964612298
500964612313
500964612317
500964612319
500964612328
500964612343
500964612344
500964612350
500964612374
500964612383
500964612393
500964612395
500964612396
500964612397
500964612416
500964612430
500964612434
500964612440
500964612456
500964612460
500964612494
500964612495
500964612500
500964612502
500964612504
500964612534
500964612542
500964612553
500964612568
500964612577
500964612593
500964612626
500964612635
500964612652
500964612705
500964612711
500964612713
500964612716
500964612720
500964612721
500964612723
500964612725
500964612730
500964612733
500964612736
500964612738
500964612739
500964612742
500964612743
500964612753
500964612754
500964612755
500964612758
500964612786
500964612799
500964612803
500964612812
500964612828
500964612880
500964612883
500964612884
500964612889
500964612893
500964612911
500964612913
500964612918
500964612919
500964612942
500964612945
500964612951
500964612954
500964612958
500964612963
