500964620008
500964620010
500964620012
500964620032
500964620037
500964620053
500964620059
500964620064
500964620073
500964620075
500964620081
500964620086
500964620091
500964620097
500964620099
500964620103
500964620114
500964620115
500964620123
500964620124
500964620137
500964620145
500964620155
500964620188
500964620196
500964620198
500964620200
500964620214
500964620220
500964620238
500964620247
500964620260
500964620264
500964620276
500964620277
500964620285
500964620327
500964620336
500964620347
500964620349
500964620350
500964620352
500964620370
500964620371
500964620391
500964620403
500964620407
500964620408
500964620427
500964620433
500964620437
500964620439
500964620441
500964620443
500964620445
500964620447
500964620450
500964620460
500964620462
500964620480
500964620508
500964620511
500964620515
500964620518
500964620527
500964620528
500964620532
500964620535
500964620540
500964620576
500964620578
500964620587
500964620602
500964620624
500964620626
500964620630
500964620631
500964620635
500964620678
500964620680
500964620681
500964620690
500964620697
500964620713
500964620723
500964620725
500964620726
500964620730
500964620732
500964620739
500964620745
500964620758
500964620762
500964620765
500964620785
500964620795
500964620806
500964620810
500964620812
500964620871
500964620897
500964620898
500964620902
500964620905
500964620924
500964620945
500964620950
500964620956
500964620959
500964620968
500964620983
500964620987
500964620988
