500964773004
500964773011
500964773013
500964773022
500964773028
500964773030
500964773053
500964773064
500964773074
500964773084
500964773086
500964773089
500964773091
500964773092
500964773106
500964773112
500964773121
500964773125
500964773136
500964773185
500964773189
500964773190
500964773195
500964773209
500964773211
500964773212
500964773213
500964773230
500964773237
500964773240
500964773243
500964773245
500964773257
500964773263
500964773277
500964773279
500964773285
500964773289
500964773293
500964773299
500964773304
500964773310
500964773314
500964773327
500964773328
500964773336
500964773339
500964773340
500964773342
500964773346
500964773370
500964773373
500964773375
500964773384
500964773395
500964773398
500964773404
500964773411
500964773423
500964773425
500964773428
500964773430
500964773432
500964773439
500964773440
500964773447
500964773470
500964773475
500964773478
500964773480
500964773485
500964773487
500964773499
500964773501
500964773511
500964773513
500964773517
500964773528
500964773541
500964773558
500964773574
500964773582
500964773589
500964773599
500964773603
500964773613
500964773615
500964773619
500964773637
500964773644
500964773651
500964773653
500964773667
500964773670
500964773677
500964773681
500964773682
500964773685
500964773688
500964773692
500964773696
500964773697
500964773699
500964773715
500964773718
500964773732
500964773733
500964773737
500964773738
500964773740
500964773851
500964773856
500964773879
500964773881
500964773885
500964773899
500964773901
500964773911
500964773941
500964773947
500964773957
500964773967
500964773969
500964773976
500964773982
500964773992
500964773997
500964773999
