501026047000
501026047004
501026047021
501026047023
501026047036
501026047120
501026047154
501026047228
501026047253
501026047255
501026047258
501026047266
501026047274
501026047292
501026047345
501026047352
501026047386
501026047390
501026047398
501026047411
501026047420
501026047427
501026047435
501026047471
501026047484
501026047490
501026047498
501026047516
501026047596
501026047619
501026047626
501026047663
501026047680
501026047695
501026047701
501026047703
501026047740
501026047743
501026047768
501026047772
501026047777
501026047781
501026047783
501026047786
501026047790
501026047801
501026047875
501026047908
501026047910
501026047968
501026047974
