501026141004
501026141014
501026141056
501026141069
501026141075
501026141111
501026141120
501026141151
501026141154
501026141189
501026141190
501026141193
501026141201
501026141202
501026141219
501026141365
501026141563
501026141567
501026141569
501026141601
501026141624
501026141633
501026141650
501026141654
501026141667
501026141677
501026141678
501026141689
501026141696
501026141708
501026141712
501026141720
501026141724
501026141737
501026141744
501026141746
501026141748
501026141752
501026141755
501026141800
501026141803
501026141826
501026141829
501026141847
501026141849
501026141862
501026141874
501026141878
501026141887
501026141888
501026141898
501026141911
501026141915
501026141931
501026141938
501026141944
501026141945
501026141947
501026141951
501026141958
501026141974
501026141978
501026141981
501026141986
501026141992
501026141994
