501026767015
501026767058
501026767059
501026767118
501026767132
501026767155
501026767158
501026767198
501026767203
501026767223
501026767233
501026767258
501026767265
501026767266
501026767282
501026767341
501026767352
501026767375
501026767405
501026767428
501026767439
501026767455
501026767472
501026767481
501026767504
501026767524
501026767525
501026767528
501026767530
501026767545
501026767553
501026767556
501026767570
501026767578
501026767580
501026767596
501026767600
501026767603
501026767612
501026767636
501026767638
501026767645
501026767670
501026767727
501026767738
501026767740
501026767763
501026767775
501026767788
501026767800
501026767823
501026767826
501026767831
501026767862
501026767872
501026767876
501026767885
501026767901
501026767914
501026767920
501026767922
501026767997
