501026878028
501026878029
501026878040
501026878062
501026878067
501026878158
501026878169
501026878190
501026878208
501026878231
501026878234
501026878244
501026878255
501026878260
501026878262
501026878305
501026878307
501026878317
501026878347
501026878352
501026878366
501026878368
501026878369
501026878372
501026878438
501026878455
501026878457
501026878461
501026878485
501026878486
501026878536
501026878544
501026878558
501026878582
501026878608
501026878628
501026878655
501026878686
501026878696
501026878705
501026878720
501026878722
501026878724
501026878729
501026878736
501026878743
501026878750
501026878764
501026878769
501026878798
501026878813
501026878824
501026878835
501026878842
501026878844
501026878847
501026878858
501026878868
501026878873
501026878880
501026878887
501026878898
501026878915
501026878927
501026878981
501026878984
501026878987
501026878991
501026878995
