501026879000
501026879003
501026879018
501026879020
501026879030
501026879041
501026879044
501026879062
501026879068
501026879102
501026879106
501026879153
501026879155
501026879189
501026879200
501026879211
501026879214
501026879220
501026879267
501026879303
501026879339
501026879373
501026879383
501026879402
501026879403
501026879449
501026879482
501026879483
501026879514
501026879581
501026879584
501026879591
501026879648
501026879670
501026879675
501026879693
501026879712
501026879714
501026879720
501026879721
501026879724
501026879728
501026879740
501026879743
501026879851
501026879868
501026879883
501026879887
501026879905
501026879988
