501034087057
501034087062
501034087080
501034087134
501034087136
501034087163
501034087179
501034087192
501034087215
501034087225
501034087228
501034087229
501034087235
501034087236
501034087262
501034087267
501034087290
501034087353
501034087359
501034087373
501034087379
501034087402
501034087404
501034087406
501034087407
501034087418
501034087424
501034087469
501034087473
501034087541
501034087616
501034087617
501034087619
501034087641
501034087642
501034087672
501034087700
501034087743
501034087759
501034087761
501034087770
501034087771
501034087816
501034087843
501034087852
501034087896
501034087916
501034087923
501034087934
501034087976
501034087986
