501034419034
501034419044
501034419089
501034419118
501034419158
501034419182
501034419239
501034419240
501034419242
501034419248
501034419263
501034419268
501034419272
501034419275
501034419282
501034419284
501034419297
501034419313
501034419324
501034419426
501034419430
501034419452
501034419496
501034419502
501034419526
501034419546
501034419555
501034419557
501034419602
501034419608
501034419621
501034419640
501034419661
501034419675
501034419697
501034419741
501034419748
501034419757
501034419834
501034419859
501034419866
501034419891
501034419897
501034419960
501034419966
501034419969
501034419978
501034419979
501034419980
501034419985
501034419996
