501034887025
501034887042
501034887054
501034887058
501034887074
501034887094
501034887105
501034887112
501034887122
501034887126
501034887182
501034887205
501034887228
501034887244
501034887257
501034887285
501034887327
501034887340
501034887353
501034887404
501034887445
501034887480
501034887515
501034887517
501034887560
501034887585
501034887622
501034887669
501034887674
501034887690
501034887697
501034887723
501034887733
501034887746
501034887806
501034887814
501034887825
501034887850
501034887863
