500989152006
500989152011
500989152017
500989152028
500989152030
500989152038
500989152046
500989152058
500989152065
500989152074
500989152083
500989152107
500989152111
500989152115
500989152116
500989152143
500989152144
500989152155
500989152159
500989152202
500989152212
500989152217
500989152220
500989152224
500989152229
500989152238
500989152239
500989152256
500989152259
500989152265
500989152273
500989152289
500989152306
500989152353
500989152358
500989152372
500989152375
500989152379
500989152396
500989152402
500989152405
500989152406
500989152407
500989152410
500989152447
500989152460
500989152465
500989152482
500989152486
500989152491
500989152494
500989152503
500989152509
500989152511
500989152520
500989152524
500989152527
500989152536
500989152549
500989152562
500989152564
500989152570
500989152573
500989152574
500989152579
500989152593
500989152600
500989152608
500989152616
500989152621
500989152630
500989152635
500989152645
500989152650
500989152660
500989152665
500989152716
500989152717
500989152727
500989152743
500989152756
500989152759
500989152767
500989152777
500989152791
500989152794
500989152804
500989152808
500989152825
500989152847
500989152862
500989152870
500989152883
500989152917
500989152925
500989152943
500989152944
500989152950
500989152961
500989152963
500989152988
500989152998
