500989315026
500989315070
500989315074
500989315083
500989315089
500989315092
500989315104
500989315105
500989315113
500989315119
500989315120
500989315124
500989315130
500989315141
500989315162
500989315166
500989315173
500989315176
500989315181
500989315200
500989315202
500989315208
500989315234
500989315257
500989315259
500989315260
500989315270
500989315278
500989315281
500989315294
500989315314
500989315316
500989315328
500989315333
500989315337
500989315366
500989315381
500989315393
500989315402
500989315404
500989315410
500989315412
500989315430
500989315432
500989315435
500989315457
500989315480
500989315484
500989315495
500989315502
500989315511
500989315514
500989315518
500989315523
500989315525
500989315544
500989315551
500989315552
500989315561
500989315590
500989315605
500989315615
500989315624
500989315628
500989315667
500989315668
500989315674
500989315677
500989315686
500989315711
500989315725
500989315727
500989315740
500989315771
500989315772
500989315774
500989315777
500989315778
500989315780
500989315782
500989315784
500989315786
500989315791
500989315842
500989315866
500989315870
500989315874
500989315887
500989315908
500989315921
500989315934
500989315943
500989315949
