500989316005
500989316008
500989316009
500989316015
500989316059
500989316075
500989316085
500989316132
500989316143
500989316158
500989316161
500989316165
500989316166
500989316179
500989316180
500989316183
500989316192
500989316201
500989316210
500989316221
500989316223
500989316229
500989316230
500989316231
500989316232
500989316233
500989316251
500989316254
500989316256
500989316260
500989316278
500989316301
500989316302
500989316304
500989316321
500989316323
500989316324
500989316328
500989316329
500989316331
500989316335
500989316349
500989316385
500989316393
500989316396
500989316406
500989316412
500989316414
500989316417
500989316422
500989316424
500989316436
500989316451
500989316454
500989316461
500989316462
500989316464
500989316465
500989316466
500989316492
500989316502
500989316509
500989316513
500989316528
500989316531
500989316533
500989316534
500989316557
500989316559
500989316566
500989316568
500989316584
500989316588
500989316593
500989316605
500989316606
500989316620
500989316625
500989316637
500989316654
500989316658
500989316663
500989316665
500989316666
500989316684
500989316687
500989316688
500989316700
500989316701
500989316727
500989316731
500989316732
500989316734
500989316795
500989316815
500989316816
500989316818
500989316823
500989316828
500989316884
500989316890
500989316895
500989316897
500989316908
500989316917
500989316934
500989316939
500989316944
500989316947
500989316950
500989316967
500989316975
500989316982
