500989367022
500989367026
500989367031
500989367032
500989367034
500989367041
500989367048
500989367051
500989367056
500989367060
500989367078
500989367088
500989367118
500989367149
500989367151
500989367162
500989367168
500989367177
500989367198
500989367200
500989367214
500989367220
500989367224
500989367231
500989367245
500989367264
500989367286
500989367291
500989367298
500989367304
500989367306
500989367307
500989367308
500989367310
500989367320
500989367329
500989367330
500989367335
500989367345
500989367350
500989367355
500989367361
500989367363
500989367379
500989367381
500989367389
500989367400
500989367401
500989367404
500989367407
500989367409
500989367416
500989367463
500989367465
500989367472
500989367476
500989367491
500989367504
500989367506
500989367510
500989367527
500989367530
500989367536
500989367539
500989367542
500989367545
500989367546
500989367561
500989367566
500989367570
500989367574
500989367577
500989367580
500989367586
500989367594
500989367596
500989367625
500989367634
500989367637
500989367647
500989367652
500989367654
500989367673
500989367689
500989367693
500989367719
500989367723
500989367729
500989367733
500989367749
500989367754
500989367755
500989367760
500989367784
500989367793
500989367799
500989367810
500989367815
500989367817
500989367836
500989367838
500989367844
500989367847
500989367851
500989367854
500989367857
500989367874
500989367886
500989367890
500989367894
500989367907
500989367911
500989367923
500989367925
500989367928
500989367935
500989367945
500989367946
500989367972
500989367980
500989367988
500989367995
500989367997
