500989423000
500989423002
500989423003
500989423014
500989423044
500989423050
500989423057
500989423068
500989423070
500989423071
500989423075
500989423078
500989423086
500989423093
500989423108
500989423174
500989423176
500989423177
500989423188
500989423201
500989423211
500989423213
500989423225
500989423227
500989423229
500989423254
500989423264
500989423265
500989423269
500989423271
500989423272
500989423278
500989423291
500989423322
500989423328
500989423330
500989423356
500989423357
500989423365
500989423371
500989423387
500989423394
500989423430
500989423440
500989423459
500989423469
500989423470
500989423477
500989423487
500989423518
500989423528
500989423543
500989423606
500989423663
500989423665
500989423672
500989423682
500989423705
500989423707
500989423708
500989423724
500989423725
500989423732
500989423744
500989423764
500989423769
500989423787
500989423836
500989423849
500989423856
500989423857
500989423860
500989423862
500989423864
500989423874
500989423896
500989423909
500989423914
500989423928
500989423942
500989423950
500989423956
500989423961
500989423964
500989423965
500989423971
500989423988
500989423991
500989423995
