500989467000
500989467003
500989467007
500989467014
500989467022
500989467042
500989467046
500989467058
500989467064
500989467083
500989467094
500989467099
500989467109
500989467114
500989467116
500989467121
500989467125
500989467135
500989467150
500989467155
500989467157
500989467181
500989467186
500989467189
500989467197
500989467217
500989467224
500989467234
500989467312
500989467315
500989467317
500989467325
500989467338
500989467339
500989467372
500989467373
500989467378
500989467379
500989467400
500989467410
500989467413
500989467449
500989467451
500989467453
500989467458
500989467468
500989467498
500989467501
500989467517
500989467520
500989467527
500989467542
500989467547
500989467550
500989467575
500989467582
500989467589
500989467590
500989467604
500989467609
500989467623
500989467648
500989467655
500989467661
500989467675
500989467681
500989467696
500989467704
500989467706
500989467713
500989467715
500989467718
500989467720
500989467728
500989467753
500989467761
500989467762
500989467768
500989467772
500989467800
500989467802
500989467808
500989467814
500989467815
500989467817
500989467819
500989467825
500989467832
500989467846
500989467851
500989467863
500989467865
500989467870
500989467871
500989467874
500989467876
500989467883
500989467884
500989467897
500989467899
500989467904
500989467915
500989467917
500989467927
500989467936
500989467938
500989467948
500989467956
500989467986
500989467995
