500989534069
500989534085
500989534095
500989534104
500989534127
500989534136
500989534138
500989534216
500989534217
500989534228
500989534240
500989534266
500989534366
500989534367
500989534369
500989534383
500989534387
500989534390
500989534402
500989534409
500989534429
500989534464
500989534468
500989534471
500989534490
500989534494
500989534508
500989534532
500989534537
500989534554
500989534556
500989534567
500989534570
500989534571
500989534573
500989534582
500989534593
500989534594
500989534596
500989534605
500989534617
500989534650
500989534655
500989534663
500989534672
500989534676
500989534689
500989534694
500989534701
500989534702
500989534703
500989534713
500989534729
500989534743
500989534762
500989534774
500989534783
500989534788
500989534805
500989534820
500989534843
500989534846
500989534849
500989534850
500989534853
500989534863
500989534868
500989534880
500989534882
500989534886
500989534911
500989534931
500989534940
500989534945
500989534955
500989534960
500989534970
500989534975
500989534976
500989534991
500989534994
500989534995
500989534996
