500989845013
500989845015
500989845052
500989845053
500989845057
500989845060
500989845062
500989845069
500989845070
500989845073
500989845076
500989845077
500989845090
500989845093
500989845108
500989845122
500989845124
500989845125
500989845143
500989845149
500989845159
500989845169
500989845184
500989845224
500989845232
500989845241
500989845245
500989845260
500989845261
500989845291
500989845293
500989845294
500989845296
500989845300
500989845306
500989845308
500989845342
500989845347
500989845350
500989845351
500989845352
500989845354
500989845367
500989845368
500989845373
500989845402
500989845410
500989845412
500989845425
500989845443
500989845445
500989845450
500989845461
500989845462
500989845482
500989845486
500989845496
500989845529
500989845542
500989845591
500989845592
500989845602
500989845664
500989845667
500989845689
500989845693
500989845695
500989845696
500989845700
500989845710
500989845717
500989845730
500989845731
500989845732
500989845747
500989845748
500989845750
500989845755
500989845771
500989845781
500989845801
500989845804
500989845816
500989845823
500989845851
500989845861
500989845868
500989845875
500989845884
500989845886
500989845909
500989845941
500989845950
500989845954
500989845964
500989845966
500989845968
500989845970
500989845972
500989845977
500989845978
500989845998
