500989991000
500989991005
500989991007
500989991010
500989991053
500989991060
500989991070
500989991095
500989991109
500989991147
500989991160
500989991161
500989991163
500989991176
500989991188
500989991190
500989991209
500989991211
500989991220
500989991224
500989991226
500989991237
500989991239
500989991243
500989991249
500989991250
500989991260
500989991282
500989991289
500989991312
500989991314
500989991317
500989991318
500989991319
500989991323
500989991333
500989991334
500989991336
500989991337
500989991352
500989991355
500989991367
500989991368
500989991375
500989991390
500989991391
500989991401
500989991408
500989991426
500989991461
500989991465
500989991476
500989991516
500989991523
500989991526
500989991529
500989991534
500989991536
500989991541
500989991546
500989991555
500989991557
500989991560
500989991588
500989991593
500989991594
500989991595
500989991600
500989991608
500989991609
500989991615
500989991623
500989991625
500989991630
500989991639
500989991644
500989991645
500989991653
500989991670
500989991684
500989991688
500989991701
500989991706
500989991717
500989991740
500989991750
500989991780
500989991799
500989991829
500989991831
500989991833
500989991834
500989991835
500989991836
500989991840
500989991848
500989991849
500989991875
500989991900
500989991909
500989991918
500989991963
500989991969
500989991978
500989991981
500989991984
500989991985
500989991989
500989991993
