500915471026
500915471031
500915471046
500915471047
500915471065
500915471078
500915471080
500915471086
500915471088
500915471107
500915471111
500915471119
500915471132
500915471135
500915471140
500915471146
500915471158
500915471194
500915471222
500915471227
500915471231
500915471233
500915471252
500915471257
500915471266
500915471274
500915471279
500915471284
500915471299
500915471301
500915471302
500915471306
500915471307
500915471331
500915471366
500915471398
500915471405
500915471446
500915471460
500915471461
500915471481
500915471483
500915471511
500915471515
500915471526
500915471542
500915471567
500915471595
500915471601
500915471608
500915471615
500915471625
500915471630
500915471635
500915471636
500915471641
500915471647
500915471650
500915471656
500915471658
500915471665
500915471669
500915471702
500915471703
500915471705
500915471709
500915471718
500915471723
500915471731
500915471741
500915471745
500915471782
500915471805
500915471808
500915471812
500915471817
500915471821
500915471823
500915471827
500915471829
500915471832
500915471833
500915471850
500915471888
500915471889
500915471894
500915471907
500915471920
500915471922
500915471931
500915471934
500915471935
500915471958
500915471980
500915471993
