500915749013
500915749015
500915749017
500915749018
500915749020
500915749026
500915749030
500915749031
500915749044
500915749066
500915749078
500915749084
500915749088
500915749091
500915749094
500915749095
500915749099
500915749103
500915749110
500915749114
500915749132
500915749133
500915749134
500915749135
500915749138
500915749143
500915749151
500915749152
500915749155
500915749164
500915749169
500915749175
500915749196
500915749214
500915749240
500915749274
500915749302
500915749307
500915749309
500915749836
500915749866
500915749882
500915749892
500915749927
500915749962
500915749971
