500915772108
500915772109
500915772115
500915772122
500915772125
500915772127
500915772132
500915772138
500915772143
500915772145
500915772154
500915772174
500915772179
500915772205
500915772206
500915772213
500915772227
500915772277
500915772298
500915772299
500915772323
500915772326
500915772362
500915772369
500915772376
500915772387
500915772389
500915772395
500915772397
500915772398
500915772429
500915772433
500915772449
500915772462
500915772475
500915772508
500915772510
500915772593
500915772608
500915772634
500915772641
500915772642
500915772663
500915772674
500915772678
500915772680
500915772683
500915772720
500915772741
500915772761
500915772769
500915772771
500915772774
500915772802
500915772816
