500915865033
500915865036
500915865038
500915865067
500915865068
500915865087
500915865105
500915865114
500915865120
500915865130
500915865138
500915865148
500915865157
500915865167
500915865183
500915865192
500915865197
500915865211
500915865214
500915865218
500915865221
500915865224
500915865226
500915865228
500915865230
500915865270
500915865279
500915865284
500915865287
500915865300
500915865301
500915865304
500915865307
500915865340
500915865343
500915865344
500915865352
500915865358
500915865384
500915865389
500915865393
500915865394
500915865422
500915865426
500915865428
500915865430
500915865452
500915865475
500915865488
500915865496
500915865508
500915865512
500915865520
500915865522
500915865525
500915865527
500915865529
500915865539
500915865581
500915865585
500915865592
500915865605
500915865608
500915865633
500915865634
500915865644
500915865663
500915865665
500915865677
500915865678
500915865735
500915865739
500915865748
500915865750
500915865763
500915865771
500915865781
500915865783
500915865791
500915865799
500915865807
500915865810
500915865812
500915865813
500915865829
500915865833
500915865835
500915865837
500915865840
500915865843
500915865847
500915865848
500915865849
500915865850
500915865852
500915865855
500915865858
500915865860
500915865862
500915865865
500915865867
500915865869
500915865871
500915865872
500915865876
500915865879
500915865908
500915865912
500915865914
500915865916
500915865950
500915865952
500915865955
500915865957
500915865967
500915865968
500915865983
500915865986
500915865994
