500915977004
500915977016
500915977028
500915977057
500915977060
500915977063
500915977124
500915977147
500915977149
500915977180
500915977216
500915977235
500915977241
500915977244
500915977259
500915977290
500915977320
500915977395
500915977396
500915977432
500915977436
500915977437
500915977480
500915977488
500915977502
500915977503
500915977506
500915977509
500915977515
500915977516
500915977521
500915977547
500915977552
500915977557
500915977578
500915977608
500915977631
500915977661
500915977662
500915977673
500915977675
500915977681
500915977698
500915977701
500915977727
500915977731
500915977736
500915977748
500915977786
500915977788
500915977790
500915977803
500915977819
500915977847
500915977861
500915977862
500915977888
500915977954
500915977962
500915977965
500915977979
500915977990
500915977994
