500458148002
500458148008
500458148018
500458148027
500458148034
500458148040
500458148046
500458148054
500458148060
500458148068
500458148074
500458148086
500458148092
500458148101
500458148103
500458148112
500458148128
500458148134
500458148141
500458148151
500458148167
500458148175
500458148184
500458148203
500458148211
500458148214
500458148217
500458148299
500458148326
500458148370
500458148441
500458148444
500458148472
500458148541
500458148675
500458148695
500458148912
500458148922
500458148925
500458148927
500458148928
