501014123027
501014123029
501014123033
501014123040
501014123041
501014123042
501014123048
501014123053
501014123067
501014123068
501014123073
501014123080
501014123091
501014123103
501014123112
501014123221
501014123230
501014123231
501014123233
501014123236
501014123268
501014123329
501014123332
501014123360
501014123361
501014123370
501014123371
501014123376
501014123378
501014123392
501014123396
501014123410
501014123418
501014123419
501014123424
501014123437
501014123443
501014123457
501014123472
501014123499
501014123513
501014123514
501014123529
501014123533
501014123580
501014123615
501014123616
501014123631
501014123634
501014123635
501014123639
501014123661
501014123662
501014123666
501014123698
501014123715
501014123726
501014123728
501014123743
501014123792
501014123798
501014123800
501014123802
501014123806
501014123817
501014123846
501014123848
501014123853
501014123864
501014123889
501014123894
501014123897
501014123904
501014123943
501014123959
501014123964
501014123967
501014123968
501014123973
501014123978
