501014241009
501014241066
501014241080
501014241087
501014241124
501014241130
501014241131
501014241163
501014241165
501014241183
501014241197
501014241203
501014241210
501014241212
501014241214
501014241216
501014241237
501014241247
501014241286
501014241290
501014241346
501014241379
501014241382
501014241383
501014241389
501014241391
501014241392
501014241408
501014241410
501014241417
501014241420
501014241424
501014241430
501014241435
501014241438
501014241448
501014241450
501014241458
501014241490
501014241509
501014241511
501014241512
501014241514
501014241537
501014241562
501014241573
501014241602
501014241604
501014241637
501014241643
501014241651
501014241652
501014241656
501014241662
501014241667
501014241681
501014241691
501014241694
501014241750
501014241753
501014241774
501014241787
501014241803
501014241811
501014241841
501014241850
501014241866
501014241909
501014241932
501014241943
501014241975
501014241985
501014241987
