501014249006
501014249036
501014249037
501014249052
501014249053
501014249077
501014249079
501014249084
501014249086
501014249109
501014249110
501014249114
501014249130
501014249151
501014249157
501014249164
501014249222
501014249284
501014249285
501014249288
501014249299
501014249306
501014249308
501014249315
501014249356
501014249375
501014249377
501014249385
501014249389
501014249391
501014249398
501014249410
501014249413
501014249443
501014249464
501014249508
501014249541
501014249545
501014249548
501014249551
501014249570
501014249575
501014249580
501014249583
501014249585
501014249616
501014249621
501014249623
501014249624
501014249626
501014249641
501014249642
501014249711
501014249714
501014249730
501014249766
501014249795
501014249805
501014249806
501014249821
501014249822
501014249851
501014249878
501014249891
501014249916
501014249930
501014249931
501014249932
501014249943
501014249949
501014249959
501014249963
501014249968
