501014328000
501014328005
501014328031
501014328105
501014328113
501014328115
501014328117
501014328121
501014328138
501014328162
501014328182
501014328195
501014328210
501014328211
501014328215
501014328223
501014328238
501014328243
501014328244
501014328246
501014328249
501014328281
501014328312
501014328313
501014328333
501014328335
501014328365
501014328369
501014328393
501014328400
501014328404
501014328412
501014328415
501014328417
501014328422
501014328423
501014328425
501014328430
501014328437
501014328438
501014328447
501014328449
501014328452
501014328506
501014328514
501014328516
501014328518
501014328525
501014328560
501014328565
501014328592
501014328621
501014328652
501014328663
501014328665
501014328674
501014328713
501014328729
501014328743
501014328755
501014328806
501014328816
501014328826
501014328844
501014328847
501014328854
501014328866
501014328873
501014328901
501014328906
501014328913
501014328933
501014328943
501014328966
501014328975
501014328987
501014328993
