501014414007
501014414098
501014414112
501014414148
501014414153
501014414184
501014414187
501014414191
501014414197
501014414238
501014414280
501014414302
501014414308
501014414317
501014414321
501014414339
501014414364
501014414378
501014414379
501014414410
501014414414
501014414429
501014414432
501014414433
501014414462
501014414472
501014414489
501014414496
501014414507
501014414509
501014414573
501014414601
501014414651
501014414677
501014414678
501014414694
501014414699
501014414712
501014414718
501014414729
501014414733
501014414755
501014414777
501014414778
501014414780
501014414784
501014414788
501014414789
501014414793
501014414797
501014414869
501014414893
501014414894
501014414910
501014414935
501014414968
501014414982
501014414995
