501014812015
501014812028
501014812031
501014812033
501014812035
501014812039
501014812063
501014812082
501014812093
501014812114
501014812117
501014812120
501014812121
501014812131
501014812137
501014812140
501014812141
501014812144
501014812163
501014812207
501014812252
501014812274
501014812294
501014812317
501014812347
501014812363
501014812366
501014812371
501014812388
501014812408
501014812428
501014812433
501014812437
501014812439
501014812452
501014812458
501014812486
501014812492
501014812526
501014812532
501014812559
501014812562
501014812579
501014812592
501014812602
501014812604
501014812621
501014812622
501014812657
501014812668
501014812687
501014812690
501014812954
501014812961
501014812967
501014812982
