500965575952
500965575377
500965575398
500965575425
500965575435
500965575445
500965575466
500965575469
500965575476
500965575484
500965575492
500965575491
500965575531
500965575543
500965575552
500965575551
500965575553
500965575583
500965575578
500965575576
500965575575
500965575591
500965575624
500965575618
500965575652
500965575662
500965575669
500965575698
500965575707
500965575704
500965575710
500965575717
500965575714
500965575725
500965575728
500965575727
500965575740
500965575741
500965575757
500965575761
500965575763
500965575769
500965575768
500965575790
500965575785
