500991219009
500991219039
500991219095
500991219149
500991219153
500991219162
500991219165
500991219167
500991219174
500991219183
500991219184
500991219253
500991219266
500991219268
500991219344
500991219351
500991219353
500991219359
500991219369
500991219376
500991219404
500991219410
500991219425
500991219433
500991219472
500991219482
500991219507
500991219509
500991219517
500991219521
500991219532
500991219545
500991219554
500991219569
500991219624
500991219636
500991219638
500991219642
500991219682
500991219725
500991219819
500991219839
500991219869
500991219872
500991219913
500991219915
500991219930
500991219960
500991219989
