500991271006
500991271031
500991271051
500991271058
500991271061
500991271071
500991271073
500991271075
500991271083
500991271092
500991271099
500991271107
500991271109
500991271122
500991271126
500991271135
500991271140
500991271152
500991271160
500991271206
500991271208
500991271215
500991271217
500991271218
500991271219
500991271222
500991271225
500991271228
500991271230
500991271232
500991271244
500991271273
500991271275
500991271306
500991271314
500991271319
500991271322
500991271404
500991271424
500991271429
500991271436
500991271459
500991271461
500991271463
500991271476
500991271485
500991271499
500991271529
500991271587
500991271633
500991271656
500991271658
500991271669
500991271680
500991271686
500991271696
500991271705
500991271716
500991271720
500991271722
500991271725
500991271727
500991271737
500991271740
500991271746
500991271751
500991271761
500991271767
500991271782
500991271801
500991271805
500991271807
500991271836
500991271837
500991271838
500991271859
500991271877
500991271879
500991271888
500991271904
500991271915
500991271922
500991271925
500991271926
500991271930
500991271936
500991271938
500991271944
500991271947
500991271957
500991271974
500991271977
500991271980
500991271982
