500991423033
500991423052
500991423075
500991423086
500991423110
500991423132
500991423191
500991423214
500991423223
500991423285
500991423294
500991423309
500991423326
500991423346
500991423409
500991423429
500991423447
500991423461
500991423494
500991423514
500991423530
500991423538
500991423562
500991423570
500991423571
500991423594
500991423608
500991423629
500991423690
500991423738
500991423740
500991423745
500991423760
500991423798
500991423807
500991423809
500991423816
500991423861
500991423869
500991423892
500991423957
500991423973
500991423982
500991423994
