500991608012
500991608022
500991608023
500991608027
500991608029
500991608034
500991608049
500991608053
500991608084
500991608092
500991608098
500991608102
500991608106
500991608112
500991608133
500991608136
500991608163
500991608167
500991608169
500991608188
500991608194
500991608209
500991608210
500991608215
500991608229
500991608246
500991608272
500991608278
500991608299
500991608303
500991608319
500991608331
500991608376
500991608416
500991608482
500991608484
500991608486
500991608521
500991608526
500991608528
500991608532
500991608536
500991608537
500991608549
500991608556
500991608558
500991608559
500991608571
500991608578
500991608594
500991608595
500991608597
500991608617
500991608626
500991608632
500991608633
500991608663
500991608671
500991608699
500991608703
500991608705
500991608711
500991608723
500991608726
500991608728
500991608741
500991608748
500991608755
500991608760
500991608769
500991608790
500991608794
500991608801
500991608817
500991608824
500991608826
500991608859
500991608864
500991608879
500991608913
500991608937
500991608938
500991608964
500991608965
500991608971
