500991808008
500991808026
500991808043
500991808061
500991808086
500991808092
500991808102
500991808112
500991808122
500991808126
500991808142
500991808147
500991808149
500991808157
500991808171
500991808253
500991808261
500991808279
500991808288
500991808303
500991808335
500991808354
500991808359
500991808361
500991808363
500991808376
500991808392
500991808395
500991808413
500991808425
500991808428
500991808429
500991808435
500991808457
500991808465
500991808481
500991808495
500991808512
500991808522
500991808565
500991808576
500991808603
500991808609
500991808658
500991808683
500991808688
500991808696
500991808719
500991808723
500991808731
500991808757
500991808759
500991808768
500991808778
500991808784
500991808807
500991808822
500991808828
500991808837
500991808875
500991808926
500991808934
500991808944
500991808952
500991808958
500991808966
500991808972
500991808974
