500991862006
500991862028
500991862068
500991862069
500991862077
500991862082
500991862094
500991862104
500991862112
500991862115
500991862119
500991862124
500991862135
500991862170
500991862171
500991862187
500991862225
500991862231
500991862247
500991862248
500991862256
500991862257
500991862272
500991862330
500991862332
500991862334
500991862342
500991862354
500991862362
500991862377
500991862380
500991862384
500991862415
500991862419
500991862429
500991862435
500991862439
500991862454
500991862458
500991862505
500991862507
500991862508
500991862513
500991862517
500991862524
500991862526
500991862540
500991862545
500991862546
500991862570
500991862580
500991862583
500991862596
500991862645
500991862648
500991862667
500991862676
500991862695
500991862704
500991862713
500991862716
500991862717
500991862723
500991862742
500991862744
500991862760
500991862762
500991862773
500991862776
500991862787
500991862793
500991862798
500991862801
500991862807
500991862809
500991862811
500991862814
500991862819
500991862825
500991862826
500991862827
500991862830
500991862832
500991862835
500991862848
500991862852
500991862854
500991862866
500991862871
500991862879
500991862880
500991862885
500991862894
500991862895
500991862902
500991862905
500991862907
500991862909
500991862914
500991862915
500991862918
500991862920
500991862922
500991862924
500991862932
500991862934
500991862939
500991862944
500991862947
500991862949
500991862956
500991862976
500991862984
500991862991
