500991897001
500991897020
500991897034
500991897086
500991897101
500991897117
500991897120
500991897146
500991897167
500991897168
500991897176
500991897181
500991897184
500991897205
500991897206
500991897213
500991897221
500991897224
500991897228
500991897232
500991897237
500991897239
500991897249
500991897258
500991897261
500991897268
500991897297
500991897322
500991897323
500991897325
500991897327
500991897335
500991897354
500991897358
500991897367
500991897375
500991897389
500991897400
500991897430
500991897432
500991897434
500991897441
500991897443
500991897446
500991897455
500991897470
500991897495
500991897508
500991897538
500991897554
500991897565
500991897566
500991897567
500991897570
500991897574
500991897580
500991897581
500991897598
500991897612
500991897621
500991897635
500991897645
500991897647
500991897650
500991897659
500991897661
500991897664
500991897689
500991897690
500991897708
500991897717
500991897731
500991897764
500991897766
500991897774
500991897783
500991897785
500991897788
500991897797
500991897813
500991897833
500991897837
500991897839
500991897849
500991897850
500991897852
500991897854
500991897855
500991897856
500991897863
500991897865
500991897979
500991897995
500991897998
