500991935041
500991935042
500991935062
500991935069
500991935075
500991935080
500991935093
500991935105
500991935113
500991935122
500991935137
500991935138
500991935152
500991935160
500991935173
500991935182
500991935186
500991935197
500991935204
500991935205
500991935208
500991935221
500991935229
500991935237
500991935248
500991935250
500991935287
500991935303
500991935331
500991935334
500991935335
500991935337
500991935338
500991935404
500991935405
500991935409
500991935420
500991935429
500991935438
500991935442
500991935470
500991935487
500991935491
500991935516
500991935530
500991935582
500991935594
500991935595
500991935635
500991935658
500991935679
500991935691
500991935724
500991935726
500991935727
500991935736
500991935743
500991935747
500991935757
500991935775
500991935778
500991935783
500991935788
500991935799
500991935828
500991935829
500991935834
500991935842
500991935877
500991935929
500991935944
500991935950
500991935956
500991935974
500991935985
500991935991
500991935992
