500385931024
500385931025
500385931038
500385931040
500385931041
500385931042
500385931045
500385931046
500385931052
500385931053
500385931055
500385931065
500385931118
500385931120
500385931122
500385931124
500385931125
500385931126
500385931129
500385931131
500385931133
500385931135
500385931153
500385931154
500385931216
500385931231
500385931244
500385931248
500385931253
500385931257
500385931260
500385931265
500385931266
500385931267
500385931275
500385931276
500385931285
500385931292
500385931294
500385931299
500385931300
500385931301
500385931305
500385931307
500385931308
500385931310
500385931311
500385931312
500385931316
500385931319
500385931322
500385931323
500385931326
500385931330
500385931332
500385931335
500385931338
500385931343
500385931350
500385931416
500385931441
500385931496
500385931510
500385931517
500385931521
500385931525
500385931538
500385931605
500385931651
500385931668
500385931804
500385931836
500385931957
500385931972
