500479033004
500479033024
500479033050
500479033051
500479033061
500479033069
500479033073
500479033142
500479033191
500479033283
500479033312
500479033327
500479033330
500479033485
500479033486
500479033698
500479033777
500479033778
500479033788
500479033790
500479033817
500479033851
500479033914
500479033920
500479033923
500479033929
500479033940
500479033948
500479033955
500479033962
500479033969
500479033975
500479033978
500479033979
500479033982
500479033985
500479033986
500479033990
500479033993
500479033996
500479033999
