501036176029
501036176042
501036176096
501036176116
501036176135
501036176143
501036176177
501036176206
501036176220
501036176314
501036176387
501036176425
501036176431
501036176434
501036176437
501036176446
501036176485
501036176518
501036176538
501036176569
501036176572
501036176608
501036176652
501036176671
501036176674
501036176685
501036176686
501036176690
501036176691
501036176692
501036176696
501036176769
501036176874
501036176882
501036176886
501036176888
501036176891
501036176897
501036176907
501036176910
501036176931
501036176933
501036176979
501036176990
501036176992
501036176997
