501036283013
501036283063
501036283065
501036283084
501036283089
501036283112
501036283129
501036283159
501036283173
501036283247
501036283255
501036283257
501036283273
501036283297
501036283311
501036283338
501036283395
501036283414
501036283495
501036283613
501036283623
501036283656
501036283688
501036283744
501036283763
501036283770
501036283862
501036283863
501036283890
501036283939
501036283940
501036283942
501036283944
501036283946
501036283948
501036283959
501036283963
501036283966
501036283971
