501036303016
501036303018
501036303022
501036303031
501036303035
501036303036
501036303043
501036303045
501036303068
501036303071
501036303077
501036303083
501036303116
501036303138
501036303160
501036303193
501036303212
501036303260
501036303270
501036303277
501036303279
501036303280
501036303281
501036303283
501036303285
501036303287
501036303290
501036303292
501036303293
501036303294
501036303313
501036303321
501036303329
501036303338
501036303341
501036303401
501036303465
501036303469
501036303499
501036303522
501036303525
501036303534
501036303622
501036303641
501036303659
501036303682
501036303690
501036303721
501036303752
501036303768
501036303835
501036303852
501036303887
501036303889
501036303974
501036303979
