501036369003
501036369005
501036369007
501036369011
501036369012
501036369022
501036369026
501036369028
501036369032
501036369034
501036369052
501036369054
501036369070
501036369116
501036369126
501036369137
501036369156
501036369205
501036369206
501036369221
501036369233
501036369344
501036369372
501036369407
501036369429
501036369438
501036369475
501036369532
501036369537
501036369538
501036369566
501036369584
501036369609
501036369677
501036369708
501036369720
501036369728
501036369740
501036369742
501036369743
501036369753
501036369755
501036369831
501036369877
501036369917
501036369925
501036369936
501036369943
501036369948
501036369964
501036369974
501036369977
501036369994
