501036990092
501036990132
501036990174
501036990201
501036990204
501036990224
501036990236
501036990257
501036990295
501036990297
501036990305
501036990330
501036990345
501036990348
501036990350
501036990416
501036990437
501036990457
501036990458
501036990495
501036990497
501036990506
501036990509
501036990511
501036990512
501036990516
501036990533
501036990544
501036990583
501036990588
501036990603
501036990606
501036990659
501036990668
501036990676
501036990679
501036990699
501036990799
501036990815
501036990862
501036990864
501036990897
501036990963
501036990982
