500899162000
500899162007
500899162019
500899162021
500899162031
500899162041
500899162043
500899162048
500899162052
500899162065
500899162072
500899162147
500899162152
500899162159
500899162162
500899162170
500899162185
500899162190
500899162223
500899162252
500899162271
500899162273
500899162298
500899162343
500899162409
500899162451
500899162469
500899162479
500899162508
500899162510
500899162512
500899162515
500899162533
500899162543
500899162557
500899162607
500899162609
500899162630
500899162638
500899162646
500899162661
500899162689
500899162708
500899162716
500899162723
500899162726
500899162735
500899162738
500899162746
500899162749
500899162801
500899162813
500899162815
500899162818
500899162849
500899162894
500899162900
500899162909
500899162924
500899162926
500899162927
500899162931
500899162946
500899162965
500899162969
500899162986
500899162993
