500962245014
500962245018
500962245020
500962245023
500962245029
500962245042
500962245047
500962245145
500962245202
500962245220
500962245223
500962245225
500962245229
500962245231
500962245253
500962245265
500962245282
500962245288
500962245303
500962245309
500962245821
500962245822
500962245825
500962245826
500962245831
500962245838
500962245840
500962245854
500962245876
500962245879
500962245905
500962245906
500962245911
500962245914
500962245937
500962245942
500962245945
500962245951
500962245961
500962245995
500962245999
