500962365008
500962365028
500962365038
500962365051
500962365075
500962365087
500962365090
500962365092
500962365097
500962365113
500962365116
500962365122
500962365123
500962365127
500962365140
500962365144
500962365176
500962365178
500962365183
500962365187
500962365201
500962365204
500962365218
500962365224
500962365247
500962365252
500962365253
500962365256
500962365260
500962365261
500962365276
500962365280
500962365295
500962365296
500962365308
500962365316
500962365323
500962365329
500962365333
500962365349
500962365392
500962365394
500962365421
500962365425
500962365428
500962365439
500962365441
500962365445
500962365458
500962365461
500962365472
500962365481
500962365485
500962365502
500962365507
500962365549
500962365553
500962365594
500962365608
500962365615
500962365629
500962365630
500962365638
500962365641
500962365649
500962365656
500962365658
500962365662
500962365663
500962365674
500962365690
500962365726
500962365731
500962365749
500962365760
500962365761
500962365763
500962365770
500962365777
500962365781
500962365786
500962365789
500962365797
500962365826
500962365850
500962365858
500962365866
500962365871
500962365887
500962365891
500962365894
500962365898
500962365903
500962365906
500962365918
500962365919
500962365921
500962365932
500962365936
500962365947
500962365971
500962365977
