500962960015
500962960020
500962960022
500962960030
500962960039
500962960041
500962960046
500962960048
500962960052
500962960055
500962960056
500962960060
500962960157
500962960161
500962960168
500962960175
500962960178
500962960183
500962960192
500962960200
500962960202
500962960203
500962960206
500962960210
500962960223
500962960252
500962960253
500962960275
500962960277
500962960281
500962960288
500962960299
500962960301
500962960304
500962960307
500962960308
500962960310
500962960321
500962960329
500962960370
500962960376
500962960393
500962960400
500962960401
500962960405
500962960407
500962960434
500962960438
500962960446
500962960479
500962960480
500962960481
500962960487
500962960489
500962960490
500962960492
500962960494
500962960503
500962960506
500962960509
500962960529
500962960533
500962960550
500962960553
500962960566
500962960567
500962960577
500962960584
500962960602
500962960604
500962960620
500962960635
500962960644
500962960655
500962960676
500962960710
500962960725
500962960726
500962960733
500962960738
500962960740
500962960742
500962960745
500962960761
500962960781
500962960786
500962960799
500962960808
500962960820
500962960823
500962960835
500962960846
500962960864
500962960875
500962960876
500962960880
500962960885
500962960891
500962960900
500962960909
500962960910
500962960920
500962960930
500962960933
500962960939
500962960943
500962960944
500962960946
500962960948
500962960950
500962960960
500962960972
500962960998
