500962987009
500962987011
500962987022
500962987028
500962987067
500962987068
500962987098
500962987107
500962987109
500962987111
500962987112
500962987113
500962987115
500962987116
500962987129
500962987130
500962987155
500962987166
500962987169
500962987171
500962987173
500962987202
500962987218
500962987235
500962987258
500962987267
500962987269
500962987276
500962987281
500962987282
500962987287
500962987289
500962987821
500962987824
500962987833
500962987845
500962987846
500962987848
500962987849
500962987860
500962987895
500962987906
500962987932
500962987933
500962987938
500962987939
500962987940
500962987942
500962987943
500962987948
500962987962
500962987964
500962987986
500962987995
500962987997
