501011013003
501011013004
501011013007
501011013054
501011013067
501011013081
501011013083
501011013086
501011013088
501011013093
501011013109
501011013115
501011013122
501011013142
501011013144
501011013152
501011013204
501011013238
501011013263
501011013272
501011013278
501011013285
501011013304
501011013322
501011013332
501011013333
501011013335
501011013341
501011013343
501011013348
501011013386
501011013388
501011013394
501011013419
501011013427
501011013441
501011013443
501011013444
501011013447
501011013452
501011013453
501011013475
501011013480
501011013487
501011013489
501011013491
501011013492
501011013522
501011013526
501011013533
501011013536
501011013538
501011013540
501011013542
501011013546
501011013565
501011013572
501011013583
501011013585
501011013596
501011013609
501011013611
501011013614
501011013618
501011013620
501011013622
501011013623
501011013627
501011013631
501011013633
501011013653
501011013658
501011013672
501011013674
501011013687
501011013697
501011013715
501011013716
501011013719
501011013725
501011013734
501011013736
501011013740
501011013742
501011013752
501011013764
501011013765
501011013772
501011013792
501011013815
501011013820
501011013821
501011013825
501011013884
501011013913
501011013937
501011013983
501011013984
