501011367018
501011367020
501011367038
501011367044
501011367045
501011367052
501011367054
501011367058
501011367060
501011367063
501011367066
501011367101
501011367105
501011367108
501011367136
501011367140
501011367153
501011367156
501011367157
501011367170
501011367172
501011367180
501011367183
501011367204
501011367215
501011367231
501011367233
501011367243
501011367247
501011367254
501011367273
501011367281
501011367289
501011367290
501011367292
501011367297
501011367331
501011367336
501011367338
501011367352
501011367357
501011367371
501011367387
501011367402
501011367403
501011367405
501011367408
501011367411
501011367423
501011367431
501011367456
501011367481
501011367503
501011367521
501011367532
501011367534
501011367539
501011367569
501011367582
501011367583
501011367587
501011367589
501011367611
501011367620
501011367629
501011367631
501011367632
501011367658
501011367664
501011367666
501011367682
501011367690
501011367726
501011367733
501011367742
501011367746
501011367758
501011367778
501011367783
501011367790
501011367798
501011367812
501011367814
501011367815
501011367817
501011367820
501011367821
501011367830
501011367834
501011367848
501011367852
501011367867
501011367875
501011367903
501011367918
501011367923
501011367928
501011367932
501011367937
501011367938
501011367943
501011367944
501011367971
501011367976
501011367983
