501011461001
501011461004
501011461009
501011461025
501011461030
501011461031
501011461033
501011461038
501011461047
501011461049
501011461057
501011461062
501011461076
501011461080
501011461090
501011461101
501011461107
501011461122
501011461135
501011461142
501011461151
501011461155
501011461166
501011461181
501011461198
501011461236
501011461238
501011461245
501011461261
501011461283
501011461290
501011461295
501011461304
501011461332
501011461340
501011461347
501011461357
501011461411
501011461415
501011461423
501011461430
501011461433
501011461438
501011461459
501011461486
501011461532
501011461540
501011461549
501011461584
501011461587
501011461590
501011461602
501011461620
501011461632
501011461651
501011461652
501011461661
501011461684
501011461692
501011461731
501011461734
501011461745
501011461754
501011461755
501011461757
501011461761
501011461762
501011461765
501011461789
501011461796
501011461812
501011461814
501011461815
501011461825
501011461826
501011461829
501011461848
501011461853
501011461881
501011461884
501011461888
501011461901
501011461948
501011461961
501011461964
501011461986
