501011488010
501011488015
501011488017
501011488064
501011488079
501011488088
501011488098
501011488105
501011488110
501011488126
501011488157
501011488166
501011488175
501011488176
501011488178
501011488184
501011488188
501011488191
501011488202
501011488214
501011488226
501011488228
501011488263
501011488267
501011488299
501011488302
501011488305
501011488324
501011488339
501011488342
501011488351
501011488352
501011488364
501011488387
501011488393
501011488395
501011488437
501011488478
501011488479
501011488490
501011488518
501011488523
501011488524
501011488526
501011488528
501011488537
501011488544
501011488549
501011488553
501011488572
501011488579
501011488601
501011488637
501011488653
501011488674
501011488690
501011488691
501011488702
501011488706
501011488711
501011488714
501011488716
501011488722
501011488744
501011488787
501011488802
501011488831
501011488851
501011488857
501011488860
501011488870
501011488874
501011488878
501011488887
501011488899
501011488901
501011488907
501011488914
501011488938
501011488951
501011488985
501011488987
501011488993
501011488995
