501011550037
501011550050
501011550053
501011550098
501011550106
501011550113
501011550122
501011550134
501011550140
501011550146
501011550152
501011550168
501011550180
501011550182
501011550193
501011550291
501011550298
501011550318
501011550328
501011550330
501011550336
501011550366
501011550368
501011550369
501011550392
501011550393
501011550399
501011550411
501011550413
501011550419
501011550424
501011550425
501011550431
501011550440
501011550441
501011550445
501011550451
501011550474
501011550475
501011550477
501011550479
501011550481
501011550483
501011550485
501011550494
501011550498
501011550520
501011550521
501011550535
501011550537
501011550558
501011550583
501011550619
501011550624
501011550636
501011550638
501011550669
501011550671
501011550683
501011550687
501011550689
501011550692
501011550702
501011550712
501011550720
501011550732
501011550736
501011550741
501011550746
501011550748
501011550754
501011550759
501011550761
501011550798
501011550802
501011550829
501011550836
501011550849
501011550866
501011550887
501011550891
501011550896
501011550905
501011550914
501011550926
501011550935
501011550936
501011550958
501011550968
501011550971
501011550981
