501011614000
501011614007
501011614027
501011614029
501011614034
501011614039
501011614061
501011614062
501011614085
501011614112
501011614119
501011614122
501011614134
501011614137
501011614140
501011614147
501011614153
501011614174
501011614268
501011614270
501011614272
501011614288
501011614295
501011614299
501011614315
501011614330
501011614416
501011614419
501011614436
501011614446
501011614449
501011614454
501011614457
501011614459
501011614512
501011614535
501011614550
501011614570
501011614576
501011614581
501011614582
501011614589
501011614592
501011614611
501011614638
501011614649
501011614655
501011614661
501011614664
501011614688
501011614691
501011614700
501011614719
501011614740
501011614745
501011614755
501011614774
501011614776
501011614791
501011614799
501011614815
501011614823
501011614826
501011614829
501011614849
501011614855
501011614865
501011614871
501011614890
501011614891
501011614899
501011614921
501011614926
501011614935
501011614950
501011614967
