501011637001
501011637010
501011637047
501011637053
501011637055
501011637072
501011637084
501011637094
501011637153
501011637187
501011637191
501011637198
501011637201
501011637211
501011637221
501011637222
501011637245
501011637273
501011637291
501011637296
501011637313
501011637317
501011637338
501011637390
501011637398
501011637410
501011637413
501011637418
501011637425
501011637433
501011637438
501011637474
501011637480
501011637482
501011637484
501011637488
501011637489
501011637522
501011637523
501011637539
501011637543
501011637550
501011637554
501011637555
501011637564
501011637580
501011637589
501011637593
501011637595
501011637607
501011637611
501011637637
501011637647
501011637651
501011637656
501011637661
501011637675
501011637677
501011637684
501011637689
501011637692
501011637695
501011637699
501011637700
501011637703
501011637705
501011637707
501011637709
501011637722
501011637728
501011637733
501011637736
501011637746
501011637755
501011637796
501011637810
501011637825
501011637827
501011637841
501011637845
501011637857
501011637868
501011637874
501011637889
501011637891
501011637922
501011637927
501011637949
501011637965
501011637966
501011637974
501011637979
501011637984
