501011640013
501011640015
501011640044
501011640051
501011640055
501011640064
501011640067
501011640096
501011640125
501011640128
501011640135
501011640145
501011640172
501011640175
501011640180
501011640219
501011640230
501011640234
501011640239
501011640246
501011640290
501011640296
501011640310
501011640313
501011640336
501011640353
501011640358
501011640362
501011640373
501011640374
501011640412
501011640417
501011640420
501011640436
501011640438
501011640440
501011640444
501011640449
501011640455
501011640458
501011640463
501011640474
501011640481
501011640512
501011640515
501011640517
501011640532
501011640547
501011640549
501011640555
501011640563
501011640568
501011640588
501011640591
501011640596
501011640602
501011640610
501011640612
501011640626
501011640639
501011640653
501011640663
501011640669
501011640680
501011640707
501011640709
501011640712
501011640714
501011640716
501011640722
501011640751
501011640752
501011640758
501011640767
501011640769
501011640780
501011640782
501011640791
501011640796
501011640802
501011640804
501011640808
501011640832
501011640843
501011640846
501011640849
501011640852
501011640859
501011640868
501011640884
501011640889
501011640951
501011640953
501011640964
501011640969
501011640973
501011640980
