501011929024
501011929061
501011929062
501011929076
501011929080
501011929085
501011929089
501011929099
501011929102
501011929115
501011929117
501011929119
501011929143
501011929168
501011929189
501011929207
501011929214
501011929226
501011929228
501011929243
501011929273
501011929279
501011929291
501011929305
501011929318
501011929320
501011929321
501011929367
501011929368
501011929369
501011929371
501011929381
501011929383
501011929397
501011929399
501011929418
501011929428
501011929434
501011929446
501011929462
501011929480
501011929490
501011929495
501011929497
501011929515
501011929530
501011929541
501011929547
501011929549
501011929551
501011929563
501011929570
501011929620
501011929630
501011929658
501011929686
501011929694
501011929698
501011929702
501011929710
501011929711
501011929717
501011929740
501011929743
501011929755
501011929773
501011929777
501011929789
501011929801
501011929810
501011929828
501011929833
501011929837
501011929839
501011929856
501011929858
501011929868
501011929883
501011929888
501011929889
501011929920
501011929924
501011929930
501011929936
501011929962
501011929966
501011929978
501011929983
501011929995
