501011970006
501011970014
501011970018
501011970026
501011970033
501011970093
501011970103
501011970115
501011970120
501011970128
501011970138
501011970166
501011970175
501011970193
501011970222
501011970224
501011970234
501011970287
501011970290
501011970291
501011970300
501011970307
501011970318
501011970330
501011970334
501011970335
501011970342
501011970344
501011970352
501011970365
501011970376
501011970387
501011970389
501011970395
501011970397
501011970402
501011970406
501011970410
501011970419
501011970438
501011970498
501011970504
501011970507
501011970508
501011970513
501011970535
501011970538
501011970543
501011970553
501011970556
501011970557
501011970564
501011970575
501011970582
501011970606
501011970607
501011970622
501011970625
501011970633
501011970655
501011970669
501011970675
501011970702
501011970744
501011970750
501011970756
501011970782
501011970785
501011970787
501011970788
501011970791
501011970793
501011970795
501011970808
501011970829
501011970842
501011970857
501011970859
501011970880
501011970882
501011970884
501011970904
501011970911
501011970913
501011970915
501011970917
501011970920
501011970933
501011970937
501011970944
501011970947
501011970951
501011970955
501011970959
501011970970
501011970981
501011970987
501011970990
501011970998
