500920273000
500920273002
500920273036
500920273042
500920273052
500920273084
500920273093
500920273105
500920273107
500920273196
500920273205
500920273206
500920273225
500920273267
500920273272
500920273310
500920273311
500920273336
500920273366
500920273368
500920273369
500920273384
500920273388
500920273437
500920273453
500920273502
500920273523
500920273547
500920273553
500920273570
500920273618
500920273631
500920273636
500920273659
500920273665
500920273705
500920273717
500920273742
500920273745
500920273747
500920273756
500920273770
500920273787
500920273790
500920273808
500920273841
500920273842
500920273854
500920273876
500920273877
500920273881
500920273885
500920273925
500920273938
500920273961
500920273965
500920273975
500920273981
500920273984
500920273989
