500920274001
500920274003
500920274007
500920274013
500920274052
500920274055
500920274058
500920274070
500920274128
500920274129
500920274147
500920274149
500920274151
500920274160
500920274165
500920274176
500920274203
500920274264
500920274279
500920274286
500920274320
500920274334
500920274353
500920274356
500920274373
500920274376
500920274382
500920274397
500920274413
500920274423
500920274428
500920274430
500920274435
500920274469
500920274476
500920274489
500920274507
500920274511
500920274515
500920274521
500920274531
500920274543
500920274547
500920274549
500920274552
500920274558
500920274587
500920274594
500920274601
500920274619
500920274639
500920274650
500920274652
500920274666
500920274669
500920274674
500920274686
500920274691
500920274711
500920274712
500920274721
500920274794
500920274798
500920274815
500920274824
500920274843
500920274877
500920274894
500920274915
500920274918
500920274923
500920274938
500920274944
500920274947
500920274953
500920274954
500920274956
500920274977
500920274999
