500995533017
500995533023
500995533032
500995533052
500995533057
500995533082
500995533123
500995533140
500995533143
500995533150
500995533152
500995533154
500995533156
500995533158
500995533160
500995533161
500995533162
500995533164
500995533194
500995533199
500995533205
500995533209
500995533211
500995533217
500995533224
500995533227
500995533233
500995533236
500995533239
500995533289
500995533314
500995533318
500995533324
500995533336
500995533352
500995533354
500995533355
500995533363
500995533371
500995533378
500995533381
500995533384
500995533386
500995533393
500995533416
500995533424
500995533428
500995533430
500995533440
500995533453
500995533468
500995533473
500995533493
500995533497
500995533511
500995533515
500995533518
500995533528
500995533544
500995533550
500995533555
500995533560
500995533586
500995533593
500995533631
500995533641
500995533643
500995533680
500995533723
500995533727
500995533730
500995533752
500995533756
500995533778
500995533782
500995533824
500995533837
500995533840
500995533848
500995533874
500995533881
500995533887
500995533894
500995533898
500995533903
500995533913
500995533923
500995533999
