500995664000
500995664015
500995664016
500995664020
500995664024
500995664108
500995664112
500995664123
500995664147
500995664154
500995664160
500995664162
500995664175
500995664181
500995664185
500995664187
500995664188
500995664189
500995664195
500995664201
500995664221
500995664222
500995664248
500995664258
500995664260
500995664267
500995664294
500995664298
500995664314
500995664329
500995664330
500995664350
500995664369
500995664379
500995664382
500995664389
500995664402
500995664420
500995664442
500995664449
500995664486
500995664492
500995664503
500995664517
500995664528
500995664529
500995664532
500995664548
500995664579
500995664581
500995664600
500995664626
500995664639
500995664645
500995664648
500995664655
500995664663
500995664666
500995664670
500995664681
500995664683
500995664692
500995664699
500995664716
500995664719
500995664722
500995664730
500995664732
500995664737
500995664739
500995664740
500995664743
500995664744
500995664745
500995664749
500995664756
500995664759
500995664765
500995664766
500995664813
500995664815
500995664832
500995664836
500995664871
500995664884
500995664889
500995664895
500995664915
500995664925
500995664937
500995664948
500995664967
500995664991
