500995722007
500995722030
500995722034
500995722035
500995722037
500995722043
500995722062
500995722068
500995722072
500995722081
500995722107
500995722119
500995722129
500995722144
500995722153
500995722165
500995722171
500995722173
500995722176
500995722188
500995722212
500995722230
500995722272
500995722283
500995722285
500995722304
500995722307
500995722309
500995722314
500995722319
500995722339
500995722357
500995722369
500995722381
500995722383
500995722400
500995722431
500995722459
500995722461
500995722464
500995722468
500995722472
500995722529
500995722531
500995722570
500995722571
500995722588
500995722592
500995722603
500995722605
500995722612
500995722620
500995722621
500995722625
500995722629
500995722634
500995722657
500995722659
500995722679
500995722684
500995722686
500995722691
500995722708
500995722742
500995722751
500995722752
500995722755
500995722764
500995722809
500995722814
500995722849
500995722859
500995722861
500995722887
500995722892
500995722900
500995722944
500995722950
500995722952
500995722965
500995722973
500995722984
