500995784007
500995784019
500995784020
500995784021
500995784024
500995784026
500995784038
500995784051
500995784067
500995784071
500995784075
500995784077
500995784093
500995784098
500995784114
500995784117
500995784121
500995784122
500995784123
500995784139
500995784160
500995784167
500995784173
500995784189
500995784192
500995784193
500995784198
500995784200
500995784205
500995784218
500995784223
500995784228
500995784258
500995784262
500995784264
500995784283
500995784285
500995784291
500995784294
500995784298
500995784308
500995784309
500995784316
500995784322
500995784346
500995784351
500995784357
500995784374
500995784376
500995784388
500995784426
500995784429
500995784431
500995784446
500995784450
500995784467
500995784473
500995784476
500995784480
500995784483
500995784488
500995784489
500995784495
500995784501
500995784514
500995784516
500995784531
500995784533
500995784543
500995784567
500995784575
500995784591
500995784594
500995784603
500995784605
500995784607
500995784619
500995784631
500995784649
500995784669
500995784693
500995784712
500995784722
500995784726
500995784732
500995784757
500995784774
500995784779
500995784793
500995784802
500995784806
500995784831
500995784841
500995784848
500995784856
500995784858
500995784865
500995784871
500995784875
500995784881
500995784924
500995784937
500995784939
500995784944
500995784948
