500995925011
500995925012
500995925020
500995925021
500995925039
500995925044
500995925051
500995925052
500995925054
500995925089
500995925093
500995925101
500995925111
500995925126
500995925127
500995925130
500995925139
500995925140
500995925144
500995925169
500995925182
500995925195
500995925225
500995925243
500995925250
500995925255
500995925284
500995925287
500995925292
500995925296
500995925300
500995925303
500995925305
500995925308
500995925312
500995925315
500995925316
500995925323
500995925333
500995925334
500995925337
500995925341
500995925349
500995925355
500995925362
500995925388
500995925390
500995925391
500995925393
500995925399
500995925405
500995925422
500995925423
500995925443
500995925446
500995925448
500995925449
500995925451
500995925456
500995925490
500995925494
500995925498
500995925507
500995925513
500995925515
500995925522
500995925555
500995925558
500995925562
500995925569
500995925578
500995925616
500995925630
500995925654
500995925691
500995925703
500995925705
500995925713
500995925733
500995925745
500995925748
500995925752
500995925778
500995925787
500995925790
500995925791
500995925793
500995925823
500995925829
500995925831
500995925855
500995925859
500995925873
500995925876
500995925892
500995925931
500995925932
500995925953
500995925960
500995925966
500995925975
500995925983
500995925993
500995925998
