500009138012
500009138020
500009138026
500009138032
500009138038
500009138041
500009138048
500009138064
500009138075
500009138081
500009138085
500009138088
500009138102
500009138108
500009138127
500009138129
500009138134
500009138150
500009138157
500009138162
500009138173
500009138176
500009138184
500009138185
500009138197
500009138199
500009138203
500009138206
500009138210
500009138212
500009138221
500009138223
500009138225
500009138227
500009138229
500009138252
500009138306
500009138321
500009138328
500009138338
500009138351
500009138358
500009138360
500009138374
500009138402
500009138428
500009138438
500009138445
500009138455
500009138496
500009138503
500009138516
500009138523
500009138533
500009138546
500009138559
500009138567
500009138575
500009138578
500009138579
500009138607
500009138644
500009138657
500009138673
500009138677
500009138678
500009138680
500009138693
500009138704
500009138711
500009138723
500009138732
500009138742
500009138744
500009138752
500009138763
500009138787
500009138788
500009138811
500009138812
500009138864
500009138868
500009138869
500009138878
500009138882
500009138896
500009138906
500009138912
500009138921
500009138927
500009138930
500009138946
500009138949
500009138955
500009138964
500009138969
500009138977
500009138978
500009138982
