500009496012
500009496038
500009496052
500009496074
500009496105
500009496157
500009496174
500009496180
500009496185
500009496188
500009496197
500009496199
500009496200
500009496202
500009496203
500009496218
500009496219
500009496234
500009496247
500009496249
500009496261
500009496323
500009496366
500009496379
500009496382
500009496384
500009496391
500009496446
500009496452
500009496482
500009496499
500009496501
500009496502
500009496503
500009496514
500009496529
500009496533
500009496545
500009496554
500009496564
500009496574
500009496580
500009496625
500009496638
500009496643
500009496651
500009496675
500009496686
500009496692
500009496693
500009496701
500009496713
500009496733
500009496735
500009496743
500009496756
500009496764
500009496769
500009496771
500009496776
500009496784
500009496787
500009496807
500009496818
500009496869
500009496897
500009496979
500009496995
