500009557000
500009557010
500009557094
500009557097
500009557140
500009557143
500009557144
500009557172
500009557185
500009557188
500009557205
500009557220
500009557232
500009557261
500009557281
500009557285
500009557291
500009557319
500009557353
500009557363
500009557371
500009557387
500009557431
500009557432
500009557438
500009557478
500009557510
500009557538
500009557568
500009557605
500009557611
500009557618
500009557635
500009557651
500009557664
500009557675
500009557678
500009557708
500009557711
500009557756
500009557835
500009557840
500009557845
500009557856
500009557858
500009557878
500009557883
500009557884
500009557885
500009557902
500009557911
500009557915
500009557971
500009557978
500009557983
500009557996
