500009834235
500009834246
500009834250
500009834259
500009834261
500009834276
500009834286
500009834289
500009834292
500009834296
500009834299
500009834305
500009834306
500009834307
500009834316
500009834319
500009834329
500009834345
500009834348
500009834352
500009834402
500009834408
500009834415
500009834420
500009834427
500009834479
500009834488
500009834513
500009834523
500009834529
500009834542
500009834551
500009834554
500009834580
500009834583
500009834588
500009834611
500009834618
500009834631
500009834686
500009834687
500009834739
500009834773
500009834778
500009834789
500009834795
500009834801
500009834848
500009834857
500009834879
500009834892
500009834933
500009834958
500009834994
500009834998
