501071039000
501071039003
501071039012
501071039016
501071039021
501071039029
501071039032
501071039039
501071039040
501071039043
501071039046
501071039052
501071039056
501071039073
501071039075
501071039080
501071039084
501071039093
501071039113
501071039115
501071039121
501071039123
501071039128
501071039129
501071039133
501071039152
501071039155
501071039164
501071039175
501071039198
501071039208
501071039211
501071039213
501071039221
501071039222
501071039232
501071039238
501071039239
501071039249
501071039254
501071039259
501071039260
501071039262
501071039264
501071039265
501071039271
501071039275
501071039278
501071039279
501071039280
501071039281
501071039282
501071039283
501071039290
501071039295
501071039370
501071039371
501071039372
501071039405
501071039407
501071039409
501071039411
501071039414
501071039418
501071039429
501071039435
501071039458
501071039555
501071039582
501071039590
501071039608
501071039688
501071039693
501071039749
501071039751
501071039792
501071039793
501071039800
501071039875
501071039927
501071039967
