501071195090
501071195100
501071195101
501071195103
501071195107
501071195112
501071195115
501071195118
501071195135
501071195136
501071195329
501071195413
501071195416
501071195423
501071195424
501071195425
501071195428
501071195430
501071195431
501071195435
501071195439
501071195442
501071195445
501071195452
501071195459
501071195488
501071195489
501071195502
501071195535
501071195542
501071195546
501071195550
501071195556
501071195586
501071195631
501071195637
501071195639
501071195645
501071195661
501071195684
501071195706
501071195712
501071195713
501071195726
501071195729
501071195731
501071195734
501071195736
501071195744
501071195755
501071195758
501071195765
501071195771
501071195773
501071195775
501071195778
501071195783
501071195784
501071195785
501071195790
501071195792
501071195807
501071195809
501071195815
501071195819
501071195824
501071195830
501071195838
501071195848
501071195855
501071195860
501071195864
501071195875
501071195880
501071195885
501071195895
501071195906
501071195912
501071195955
501071195976
501071195980
