500967484010
500967484321
500967484085
500967484324
500967484112
500967484073
500967484070
500967484096
500967484090
500967484167
500967484038
500967484322
500967484323
500967484035
500967484297
500967484204
500967484226
500967484312
500967484838
500967484234
500967484325
500967484831
500967484218
500967484869
500967484326
500967484990
500967484336
500967484334
500967484332
500967484333
500967484335
500967484337
500967484339
500967484338
500967484340
500967484341
500967484350
500967484342
500967484348
500967484351
500967484349
500967484346
500967484359
500967484357
500967484360
500967484361
500967484354
500967484358
500967484376
500967484373
500967484370
500967484378
500967484377
500967484385
500967484392
500967484389
500967484387
500967484390
500967484391
500967484386
500967484388
500967484393
500967484397
500967484396
500967484394
500967484395
500967484398
500967484399
500967484406
500967484410
500967484416
500967484407
500967484403
500967484404
500967484412
500967484402
500967484411
500967484405
500967484415
500967484417
500967484427
500967484429
500967484428
500967484426
500967484430
500967484436
500967484432
500967484437
500967484431
500967484435
500967484440
500967484441
500967484442
500967484448
500967484450
500967484449
500967484457
500967484463
500967484459
500967484460
500967484456
500967484458
500967484501
500967484499
500967484500
500967484498
500967484502
500967484503
500967484507
500967484509
500967484508
500967484511
500967484513
500967484510
500967484512
500967484515
500967484514
500967484516
500967484517
500967484528
500967484526
500967484527
500967484529
500967484530
500967484531
500967484535
500967484534
500967484541
500967484543
500967484555
500967484551
500967484556
500967484553
500967484554
500967484547
500967484573
500967484569
500967484570
500967484571
500967484572
500967484575
500967484574
500967484576
500967484580
500967484579
500967484581
500967484582
500967484583
500967484586
500967484584
500967484585
500967484601
500967484592
500967484602
500967484605
500967484610
500967484611
500967484608
500967484609
500967484619
500967484627
500967484625
500967484620
500967484616
500967484626
500967484632
500967484633
500967484651
500967484650
500967484649
500967484661
500967484658
500967484670
500967484664
500967484667
500967484671
500967484679
500967484675
500967484674
500967484687
500967484688
500967484686
500967484706
500967484691
500967484692
500967484705
500967484718
500967484717
500967484710
500967484709
500967484719
500967484725
500967484727
500967484724
500967484722
500967484723
500967484726
500967484745
500967484750
500967484749
500967484748
500967484744
500967484751
500967484766
500967484767
500967484765
500967484762
500967484763
500967484771
500967484774
500967484768
500967484773
500967484778
500967484775
500967484783
500967484786
500967484781
500967484777
500967484782
500967484776
500967484787
500967484802
500967484804
500967484807
500967484808
500967484801
500967484814
500967484812
