500967888037
500967888110
500967888165
500967888293
500967888309
500967888322
500967888325
500967888326
500967888327
500967888333
500967888335
500967888336
500967888337
500967888338
500967888341
500967888344
500967888347
500967888352
500967888353
500967888357
500967888358
500967888359
500967888360
500967888365
500967888368
500967888373
500967888377
500967888381
500967888386
500967888387
500967888388
500967888391
500967888402
500967888405
500967888408
500967888411
500967888414
500967888417
500967888420
500967888424
500967888427
500967888429
500967888433
500967888442
500967888452
500967888464
500967888465
500967888468
500967888474
500967888478
500967888481
500967888483
500967888484
500967888485
500967888490
500967888491
500967888492
500967888493
500967888494
500967888502
500967888503
500967888504
500967888505
500967888506
500967888509
500967888510
500967888512
500967888513
500967888514
500967888516
500967888517
500967888518
500967888521
500967888539
500967888540
500967888546
500967888547
500967888551
500967888555
500967888567
500967888568
500967888569
500967888570
500967888574
500967888577
500967888580
500967888581
500967888582
500967888583
500967888586
500967888587
500967888588
500967888594
500967888600
500967888601
500967888604
500967888608
500967888609
500967888610
500967888613
500967888614
500967888615
500967888616
500967888625
500967888626
500967888627
500967888632
500967888642
500967888645
500967888646
500967888647
500967888648
500967888651
500967888657
500967888660
500967888664
500967888669
500967888670
500967888671
500967888674
500967888675
500967888676
500967888677
500967888940
