501082417018
501082417020
501082417028
501082417035
501082417066
501082417112
501082417118
501082417124
501082417137
501082417139
501082417141
501082417147
501082417150
501082417151
501082417155
501082417199
501082417243
501082417249
501082417255
501082417269
501082417284
501082417291
501082417293
501082417313
501082417337
501082417356
501082417410
501082417435
501082417442
501082417446
501082417450
501082417452
501082417453
501082417454
501082417455
501082417496
501082417497
501082417504
501082417528
501082417610
501082417611
501082417614
501082417615
501082417617
501082417619
501082417620
501082417651
501082417720
501082417725
501082417767
501082417771
501082417772
501082417780
501082417995
