501082734008
501082734014
501082734015
501082734022
501082734034
501082734035
501082734036
501082734037
501082734038
501082734039
501082734041
501082734045
501082734047
501082734049
501082734051
501082734059
501082734069
501082734075
501082734076
501082734077
501082734096
501082734115
501082734117
501082734118
501082734127
501082734129
501082734132
501082734166
501082734170
501082734175
501082734209
501082734319
501082734326
501082734347
501082734349
501082734424
501082734443
501082734463
501082734483
501082734486
501082734488
501082734489
501082734490
501082734491
501082734495
501082734540
501082734552
501082734561
501082734674
501082734675
501082734692
501082734716
501082734720
501082734754
501082734788
501082734803
501082734833
501082734841
501082734896
501082734914
501082734915
501082734958
501082734976
501082734978
501082734981
501082734989
501082734996
