500867981324
500867981341
500867981344
500867981365
500867981372
500867981392
500867981400
500867981404
500867981409
500867981416
500867981422
500867981442
500867981446
500867981458
500867981469
500867981474
500867981497
500867981509
500867981616
500867981623
500867981626
500867981628
500867981637
500867981647
500867981666
500867981715
500867981725
500867981734
500867981825
500867981834
500867981836
500867981855
500867981857
500867981862
500867981864
500867981899
500867981961
500867981987
500867981990
