501067036002
501067036068
501067036376
501067036386
501067036498
501067036519
501067036530
501067036545
501067036640
501067036643
501067036646
501067036654
501067036656
501067036658
501067036660
501067036665
501067036668
501067036670
501067036672
501067036675
501067036677
501067036679
501067036683
501067036689
501067036761
501067036763
501067036765
501067036767
501067036768
501067036769
501067036770
501067036771
501067036772
501067036773
501067036774
501067036775
501067036776
501067036777
501067036778
501067036779
501067036780
501067036781
501067036782
501067036784
501067036786
501067036788
501067036791
501067036792
501067036794
501067036796
501067036797
501067036799
501067036800
501067036801
501067036804
501067036805
501067036807
501067036809
501067036811
501067036812
501067036813
501067036815
501067036816
501067036817
501067036818
501067036820
501067036821
501067036823
501067036824
501067036961
501067036982
