501067454073
501067454086
501067454089
501067454090
501067454091
501067454095
501067454100
501067454133
501067454153
501067454155
501067454171
501067454186
501067454188
501067454194
501067454296
501067454314
501067454331
501067454356
501067454380
501067454416
501067454438
501067454494
501067454546
501067454563
501067454593
501067454617
501067454619
501067454635
501067454639
501067454640
501067454642
501067454645
501067454706
501067454721
501067454723
501067454724
501067454737
501067454738
501067454745
501067454753
501067454768
501067454771
501067454773
501067454774
501067454775
501067454776
501067454778
501067454780
501067454783
501067454785
501067454788
501067454792
501067454808
501067454817
501067454931
501067454936
501067454985
