501067607002
501067607034
501067607044
501067607050
501067607060
501067607067
501067607070
501067607075
501067607079
501067607095
501067607103
501067607108
501067607110
501067607167
501067607210
501067607212
501067607217
501067607221
501067607226
501067607234
501067607235
501067607279
501067607282
501067607285
501067607286
501067607287
501067607288
501067607289
501067607291
501067607299
501067607310
501067607324
501067607389
501067607595
501067607637
501067607726
501067607738
501067607741
501067607742
501067607958
