501052061033
501052061070
501052061087
501052061101
501052061139
501052061169
501052061186
501052061202
501052061321
501052061326
501052061336
501052061358
501052061397
501052061399
501052061467
501052061507
501052061572
501052061573
501052061585
501052061592
501052061599
501052061601
501052061620
501052061625
501052061627
501052061639
501052061649
501052061651
501052061661
501052061664
501052061672
501052061676
501052061684
501052061689
501052061695
501052061711
501052061721
501052061739
501052061746
501052061749
501052061753
501052061765
501052061770
501052061780
501052061796
501052061799
501052061805
501052061879
501052061903
501052061905
501052061914
501052061919
501052061920
501052061926
501052061939
501052061940
