501052488012
501052488022
501052488028
501052488036
501052488078
501052488084
501052488092
501052488101
501052488109
501052488128
501052488131
501052488138
501052488141
501052488149
501052488156
501052488171
501052488172
501052488173
501052488175
501052488196
501052488212
501052488265
501052488279
501052488295
501052488309
501052488315
501052488329
501052488341
501052488349
501052488352
501052488362
501052488377
501052488382
501052488407
501052488411
501052488437
501052488446
501052488452
501052488456
501052488460
501052488464
501052488467
501052488476
501052488488
501052488588
501052488606
501052488699
501052488715
501052488731
501052488735
501052488737
501052488750
501052488756
501052488766
