501052711153
501052711223
501052711224
501052711227
501052711229
501052711230
501052711232
501052711233
501052711236
501052711237
501052711238
501052711239
501052711313
501052711584
501052711713
501052711714
501052711715
501052711717
501052711719
501052711721
501052711723
501052711725
501052711727
501052711839
501052711841
501052711843
501052711845
501052711847
501052711899
501052711901
501052711908
501052711914
501052711921
501052711922
501052711923
501052711926
501052711927
501052711928
501052711930
501052711931
501052711932
501052711935
501052711938
501052711939
501052711940
501052711941
501052711945
501052711988
501052711993
