501052899005
501052899007
501052899024
501052899027
501052899032
501052899198
501052899323
501052899339
501052899374
501052899379
501052899383
501052899393
501052899399
501052899403
501052899406
501052899408
501052899412
501052899418
501052899424
501052899431
501052899437
501052899469
501052899489
501052899537
501052899571
501052899588
501052899613
501052899716
501052899717
501052899728
501052899733
501052899743
501052899765
501052899767
501052899773
501052899776
501052899785
501052899793
501052899799
501052899959
