500950018015
500950018026
500950018028
500950018031
500950018036
500950018038
500950018039
500950018041
500950018057
500950018061
500950018064
500950018067
500950018072
500950018073
500950018075
500950018077
500950018094
500950018109
500950018114
500950018135
500950018166
500950018169
500950018217
500950018220
500950018222
500950018235
500950018280
500950018282
500950018287
500950018294
500950018297
500950018330
500950018333
500950018344
500950018346
500950018350
500950018364
500950018373
500950018375
500950018377
500950018384
500950018428
500950018431
500950018442
500950018451
500950018453
500950018457
500950018463
500950018470
500950018471
500950018473
500950018477
500950018485
500950018487
500950018489
500950018492
500950018498
500950018499
500950018501
500950018510
500950018512
500950018519
500950018533
500950018540
500950018548
500950018552
500950018561
500950018564
500950018566
500950018575
500950018589
500950018592
500950018595
500950018597
500950018598
500950018605
500950018615
500950018617
500950018623
500950018625
500950018627
500950018632
500950018634
500950018635
500950018636
500950018637
500950018638
500950018639
500950018659
500950018660
500950018662
500950018663
500950018666
500950018667
500950018672
500950018685
500950018690
500950018697
500950018704
500950018706
500950018711
500950018736
500950018749
500950018759
500950018773
500950018778
500950018789
500950018796
500950018808
500950018812
500950018817
500950018819
500950018825
500950018827
500950018828
500950018833
500950018843
500950018844
500950018849
500950018852
500950018857
500950018863
500950018867
500950018868
500950018871
500950018873
500950018875
500950018881
500950018882
500950018891
500950018902
500950018912
500950018917
500950018918
500950018921
500950018925
500950018928
500950018933
500950018947
500950018950
500950018953
500950018957
500950018958
500950018964
500950018967
500950018970
500950018973
500950018977
500950018979
500950018980
500950018984
500950018997
