500950382008
500950382015
500950382016
500950382028
500950382040
500950382068
500950382071
500950382097
500950382100
500950382103
500950382104
500950382114
500950382122
500950382126
500950382129
500950382131
500950382132
500950382152
500950382172
500950382175
500950382181
500950382186
500950382189
500950382192
500950382205
500950382207
500950382210
500950382212
500950382248
500950382250
500950382260
500950382276
500950382284
500950382300
500950382305
500950382310
500950382317
500950382323
500950382333
500950382344
500950382345
500950382346
500950382356
500950382372
500950382374
500950382379
500950382389
500950382395
500950382410
500950382421
500950382426
500950382432
500950382435
500950382439
500950382444
500950382448
500950382451
500950382453
500950382456
500950382466
500950382468
500950382491
500950382493
500950382494
500950382497
500950382498
500950382499
500950382501
500950382507
500950382519
500950382532
500950382538
500950382541
500950382573
500950382575
500950382576
500950382595
500950382604
500950382606
500950382607
500950382611
500950382622
500950382625
500950382636
500950382644
500950382658
500950382660
500950382664
500950382669
500950382672
500950382674
500950382679
500950382683
500950382782
500950382802
500950382804
