500950669001
500950669004
500950669013
500950669044
500950669052
500950669059
500950669065
500950669075
500950669082
500950669088
500950669105
500950669120
500950669123
500950669125
500950669130
500950669136
500950669148
500950669162
500950669167
500950669171
500950669192
500950669200
500950669215
500950669224
500950669260
500950669261
500950669268
500950669270
500950669284
500950669289
500950669294
500950669297
500950669301
500950669303
500950669305
500950669313
500950669320
500950669329
500950669331
500950669333
500950669337
500950669347
500950669355
500950669357
500950669358
500950669370
500950669371
500950669391
500950669392
500950669402
500950669406
500950669410
500950669420
500950669423
500950669427
500950669431
500950669435
500950669460
500950669474
500950669475
500950669476
500950669483
500950669492
500950669493
500950669497
500950669509
500950669522
500950669527
500950669536
500950669544
500950669547
500950669571
500950669572
500950669576
500950669591
500950669593
500950669601
500950669602
500950669604
500950669612
500950669617
500950669621
500950669631
500950669634
500950669636
500950669639
500950669643
500950669651
500950669671
500950669697
500950669723
500950669731
500950669740
500950669772
500950669804
500950669812
500950669826
500950669850
500950669851
500950669858
500950669860
500950669862
500950669870
500950669878
500950669882
500950669897
500950669907
500950669910
500950669912
500950669916
500950669923
500950669931
500950669940
500950669942
500950669945
500950669977
500950669980
500950669989
500950669991
