500950793005
500950793006
500950793033
500950793039
500950793040
500950793047
500950793051
500950793055
500950793063
500950793064
500950793071
500950793074
500950793083
500950793092
500950793106
500950793122
500950793123
500950793127
500950793143
500950793153
500950793157
500950793170
500950793183
500950793188
500950793202
500950793218
500950793269
500950793283
500950793288
500950793289
500950793292
500950793302
500950793318
500950793320
500950793322
500950793325
500950793326
500950793328
500950793331
500950793332
500950793346
500950793350
500950793351
500950793364
500950793380
500950793382
500950793383
500950793384
500950793390
500950793401
500950793425
500950793428
500950793441
500950793456
500950793459
500950793464
500950793473
500950793478
500950793494
500950793499
500950793510
500950793536
500950793538
500950793540
500950793545
500950793547
500950793571
500950793574
500950793586
500950793604
500950793611
500950793618
500950793629
500950793631
500950793645
500950793651
500950793656
500950793681
500950793693
500950793705
500950793708
500950793709
500950793724
500950793726
500950793733
500950793745
500950793770
500950793775
500950793783
500950793810
500950793813
500950793818
500950793822
500950793826
500950793827
500950793828
500950793830
500950793831
500950793833
500950793841
500950793856
500950793866
500950793871
500950793872
500950793877
500950793878
500950793883
500950793885
500950793891
500950793912
500950793915
500950793921
500950793926
500950793929
500950793931
500950793933
500950793946
500950793947
500950793957
500950793963
500950793988
