500950851013
500950851015
500950851019
500950851024
500950851029
500950851033
500950851119
500950851205
500950851267
500950851335
500950851364
500950851366
500950851367
500950851441
500950851457
500950851473
500950851484
500950851491
500950851494
500950851513
500950851514
500950851522
500950851524
500950851620
500950851625
500950851637
500950851646
500950851654
500950851669
500950851672
500950851673
500950851675
500950851677
500950851684
500950851688
500950851692
500950851698
500950851715
500950851728
500950851755
500950851760
500950851774
500950851814
500950851816
500950851836
500950851844
500950851847
500950851879
500950851886
500950851907
500950851911
500950851979
500950851982
500950851985
500950851990
