500950943005
500950943009
500950943018
500950943025
500950943026
500950943035
500950943053
500950943066
500950943070
500950943080
500950943098
500950943109
500950943115
500950943125
500950943128
500950943138
500950943139
500950943147
500950943162
500950943165
500950943166
500950943167
500950943168
500950943184
500950943196
500950943198
500950943209
500950943217
500950943218
500950943220
500950943231
500950943242
500950943338
500950943341
500950943347
500950943356
500950943358
500950943362
500950943370
500950943378
500950943387
500950943396
500950943400
500950943401
500950943405
500950943413
500950943414
500950943439
500950943464
500950943473
500950943477
500950943482
500950943483
500950943502
500950943507
500950943511
500950943513
500950943534
500950943542
500950943550
500950943552
500950943555
500950943571
500950943582
500950943621
500950943623
500950943650
500950943678
500950943683
500950943701
500950943704
500950943711
500950943716
500950943734
500950943749
500950943752
500950943756
500950943763
500950943768
500950943769
500950943771
500950943788
500950943790
500950943808
500950943810
500950943825
500950943829
500950943830
500950943831
500950943835
500950943837
500950943846
500950943851
500950943853
500950943870
500950943889
500950943896
500950943906
500950943909
500950943917
500950943919
500950943923
500950943926
500950943935
500950943939
500950943942
500950943943
500950943955
500950943958
500950943960
500950943962
500950943968
500950943973
500950943977
500950943982
500950943999
