500914199003
500914199005
500914199012
500914199052
500914199059
500914199062
500914199074
500914199081
500914199112
500914199113
500914199118
500914199121
500914199165
500914199181
500914199185
500914199194
500914199197
500914199200
500914199203
500914199214
500914199257
500914199262
500914199284
500914199286
500914199297
500914199330
500914199343
500914199355
500914199360
500914199369
500914199371
500914199418
500914199434
500914199453
500914199468
500914199478
500914199482
500914199487
500914199488
500914199491
500914199494
500914199505
500914199508
500914199514
500914199530
500914199534
500914199541
500914199548
500914199555
500914199565
500914199585
500914199616
500914199666
500914199669
500914199673
500914199687
500914199695
500914199735
500914199738
500914199753
500914199768
500914199770
500914199773
500914199800
500914199819
500914199827
500914199861
500914199882
500914199897
500914199903
500914199907
500914199916
500914199917
500914199920
500914199936
500914199939
500914199973
500914199978
500914199996
