500914316013
500914316018
500914316037
500914316058
500914316060
500914316075
500914316081
500914316094
500914316116
500914316126
500914316128
500914316176
500914316196
500914316205
500914316215
500914316217
500914316228
500914316266
500914316271
500914316290
500914316291
500914316300
500914316302
500914316320
500914316371
500914316385
500914316396
500914316434
500914316446
500914316450
500914316451
500914316519
500914316573
500914316574
500914316654
500914316661
500914316665
500914316672
500914316677
500914316684
500914316687
500914316694
500914316705
500914316708
500914316721
500914316732
500914316742
500914316755
500914316764
500914316768
500914316782
500914316785
500914316789
500914316795
500914316861
500914316865
500914316876
500914316891
500914316895
500914316900
500914316915
500914316918
500914316934
500914316957
500914316962
500914316990
500914316994
