500935213000
500935213006
500935213019
500935213032
500935213038
500935213046
500935213048
500935213052
500935213057
500935213071
500935213072
500935213086
500935213100
500935213102
500935213106
500935213120
500935213133
500935213139
500935213142
500935213145
500935213148
500935213149
500935213152
500935213153
500935213179
500935213190
500935213194
500935213199
500935213200
500935213202
500935213206
500935213210
500935213211
500935213212
500935213224
500935213229
500935213237
500935213243
500935213245
500935213264
500935213265
500935213289
500935213290
500935213299
500935213303
500935213305
500935213862
500935213867
500935213870
500935213885
500935213922
500935213925
500935213938
500935213940
500935213950
500935213965
500935213966
500935213970
