500935267000
500935267020
500935267023
500935267038
500935267040
500935267057
500935267083
500935267085
500935267095
500935267105
500935267107
500935267108
500935267110
500935267114
500935267158
500935267162
500935267165
500935267167
500935267171
500935267191
500935267222
500935267232
500935267234
500935267237
500935267243
500935267268
500935267285
500935267291
500935267296
500935267298
500935267327
500935267337
500935267350
500935267352
500935267365
500935267374
500935267378
500935267382
500935267385
500935267388
500935267430
500935267446
500935267448
500935267452
500935267454
500935267459
500935267461
500935267462
500935267466
500935267473
500935267487
500935267497
500935267505
500935267507
500935267517
500935267518
500935267524
500935267538
500935267540
500935267556
500935267562
500935267572
500935267591
500935267597
500935267599
500935267625
500935267631
500935267640
500935267646
500935267647
500935267650
500935267655
500935267667
500935267735
500935267736
500935267739
500935267747
500935267749
500935267753
500935267756
500935267776
500935267798
500935267815
500935267839
500935267842
500935267848
500935267850
500935267856
500935267866
500935267872
500935267873
500935267880
500935267885
500935267893
500935267896
500935267913
500935267915
500935267945
500935267954
500935267967
500935267998
500935267999
