500935729000
500935729003
500935729011
500935729013
500935729016
500935729021
500935729029
500935729035
500935729053
500935729093
500935729094
500935729101
500935729104
500935729135
500935729143
500935729149
500935729152
500935729153
500935729161
500935729165
500935729195
500935729197
500935729199
500935729212
500935729215
500935729219
500935729225
500935729226
500935729230
500935729261
500935729262
500935729290
500935729298
500935729305
500935729307
500935729312
500935729317
500935729320
500935729321
500935729328
500935729335
500935729339
500935729341
500935729343
500935729348
500935729356
500935729366
500935729368
500935729370
500935729387
500935729392
500935729396
500935729398
500935729400
500935729406
500935729408
500935729410
500935729428
500935729430
500935729433
500935729437
500935729440
500935729459
500935729461
500935729470
500935729518
500935729534
500935729541
500935729545
500935729549
500935729590
500935729603
500935729607
500935729609
500935729616
500935729625
500935729627
500935729629
500935729634
500935729658
500935729665
500935729670
500935729679
500935729685
500935729720
500935729722
500935729723
500935729725
500935729729
500935729732
500935729764
500935729777
500935729791
500935729805
500935729811
500935729829
500935729831
500935729837
500935729843
500935729854
500935729867
500935729869
500935729870
500935729872
500935729881
500935729905
500935729910
500935729915
500935729917
500935729920
500935729930
500935729937
500935729959
500935729960
500935729974
500935729976
500935729985
500935729988
