500935940001
500935940002
500935940004
500935940007
500935940013
500935940096
500935940110
500935940112
500935940119
500935940129
500935940131
500935940133
500935940144
500935940158
500935940160
500935940166
500935940173
500935940200
500935940208
500935940217
500935940240
500935940243
500935940244
500935940266
500935940284
500935940307
500935940318
500935940323
500935940324
500935940326
500935940329
500935940341
500935940350
500935940355
500935940362
500935940366
500935940371
500935940387
500935940396
500935940400
500935940401
500935940410
500935940430
500935940431
500935940442
500935940460
500935940479
500935940482
500935940486
500935940492
500935940494
500935940514
500935940534
500935940540
500935940552
500935940555
500935940557
500935940558
500935940576
500935940577
500935940578
500935940593
500935940624
500935940692
500935940703
500935940707
500935940710
500935940711
500935940726
500935940728
500935940734
500935940736
500935940742
500935940746
500935940753
500935940770
500935940795
500935940797
500935940799
500935940801
500935940803
500935940804
500935940806
500935940810
500935940813
500935940835
500935940837
500935940851
500935940856
500935940861
500935940862
500935940868
500935940871
500935940874
500935940881
500935940892
500935940899
500935940914
500935940917
500935940927
500935940937
500935940941
500935940942
500935940948
500935940963
500935940966
500935940968
500935940970
