501107415063
501107415116
501107415232
501107415236
501107415286
501107415352
501107415428
501107415437
501107415486
501107415514
501107415515
501107415603
501107415667
501107415681
501107415740
501107415741
501107415743
501107415745
501107415746
501107415747
501107415748
501107415749
501107415750
501107415753
501107415757
501107415759
501107415760
501107415761
501107415762
501107415763
501107415764
501107415765
501107415766
501107415768
501107415770
501107415771
501107415772
501107415773
501107415774
501107415775
501107415778
501107415781
501107415783
501107415785
501107415787
501107415788
501107415790
501107415792
501107415794
501107415796
501107415797
501107415799
501107415801
501107415803
501107415806
501107415808
501107415810
501107415812
501107415814
501107415816
501107415818
501107415820
501107415822
501107415824
501107415826
501107415828
501107415835
501107415837
501107415840
501107415844
501107415846
501107415848
501107415850
