501107600086
501107600299
501107600359
501107600363
501107600404
501107600406
501107600409
501107600410
501107600412
501107600420
501107600464
501107600573
501107600620
501107600621
501107600663
501107600676
501107600711
501107600716
501107600728
501107600754
501107600755
501107600813
501107600852
501107600876
501107600889
501107600900
501107600902
501107600908
501107600909
501107600912
501107600913
501107600914
501107600915
501107600916
501107600919
501107600925
501107600927
501107600929
501107600931
501107600936
501107600942
501107600945
501107600946
501107600970
501107600993
