500348583002
500348583038
500348583043
500348583048
500348583082
500348583137
500348583162
500348583172
500348583188
500348583235
500348583253
500348583269
500348583279
500348583306
500348583341
500348583360
500348583444
500348583447
500348583506
500348583507
500348583541
500348583569
500348583572
500348583582
500348583652
500348583655
500348583691
500348583706
500348583728
500348583744
500348583746
500348583821
500348583826
500348583867
500348583883
500348583911
500348583924
500348583988
500348583994
