500449686028
500449686037
500449686123
500449686160
500449686163
500449686169
500449686173
500449686177
500449686181
500449686189
500449686224
500449686231
500449686240
500449686259
500449686296
500449686322
500449686343
500449686358
500449686417
500449686421
500449686539
500449686621
500449686654
500449686814
500449686864
500449686871
500449686880
500449686883
500449686888
500449686892
500449686899
500449686905
500449686915
500449686919
500449686928
500449686936
500449686938
500449686944
500449686974
