500946425007
500946425014
500946425018
500946425026
500946425036
500946425046
500946425051
500946425079
500946425108
500946425121
500946425123
500946425135
500946425139
500946425147
500946425177
500946425183
500946425185
500946425207
500946425212
500946425224
500946425245
500946425247
500946425257
500946425277
500946425297
500946425313
500946425314
500946425315
500946425317
500946425862
500946425865
500946425877
500946425883
500946425885
500946425923
500946425928
500946425943
500946425949
500946425956
500946425964
500946425968
500946425975
