500946441009
500946441012
500946441015
500946441018
500946441019
500946441021
500946441026
500946441037
500946441039
500946441045
500946441053
500946441055
500946441060
500946441062
500946441064
500946441066
500946441068
500946441086
500946441120
500946441122
500946441124
500946441135
500946441141
500946441153
500946441156
500946441157
500946441160
500946441161
500946441163
500946441172
500946441174
500946441176
500946441185
500946441188
500946441192
500946441193
500946441200
500946441207
500946441208
500946441210
500946441214
500946441216
500946441222
500946441224
500946441241
500946441242
500946441245
500946441251
500946441262
500946441291
500946441295
500946441299
500946441309
500946441316
500946441320
