500946609321
500946609329
500946609346
500946609349
500946609351
500946609354
500946609359
500946609383
500946609387
500946609389
500946609390
500946609393
500946609402
500946609404
500946609411
500946609413
500946609415
500946609416
500946609449
500946609456
500946609458
500946609463
500946609466
500946609471
500946609474
500946609480
500946609490
500946609494
500946609496
500946609499
500946609505
500946609507
500946609515
500946609517
500946609542
500946609563
500946609591
500946609594
500946609595
500946609600
500946609605
500946609610
500946609613
500946609620
500946609622
500946609626
500946609628
500946609632
500946609635
500946609639
500946609655
500946609669
500946609708
500946609727
500946609729
500946609736
500946609737
500946609783
500946609804
500946609812
