500946703324
500946703332
500946703333
500946703336
500946703343
500946703348
500946703351
500946703355
500946703359
500946703368
500946703387
500946703398
500946703410
500946703483
500946703492
500946703500
500946703504
500946703512
500946703514
500946703525
500946703534
500946703538
500946703543
500946703548
500946703555
500946703572
500946703575
500946703582
500946703586
500946703587
500946703590
500946703592
500946703595
500946703597
500946703605
500946703608
500946703612
500946703615
500946703618
500946703619
500946703623
500946703642
500946703643
500946703655
500946703657
500946703668
500946703670
500946703676
500946703681
500946703684
500946703686
500946703689
500946703690
500946703692
500946703693
500946703694
500946703696
500946703715
500946703717
500946703718
500946703725
500946703728
500946703729
500946703736
500946703739
500946703753
500946703755
500946703759
500946703761
500946703772
500946703773
500946703802
