500946955334
500946955336
500946955339
500946955346
500946955354
500946955365
500946955379
500946955386
500946955391
500946955398
500946955400
500946955403
500946955404
500946955408
500946955412
500946955415
500946955436
500946955437
500946955445
500946955446
500946955460
500946955497
500946955499
500946955571
500946955572
500946955575
500946955595
500946955610
500946955623
500946955636
500946955660
500946955661
500946955662
500946955675
500946955681
500946955685
500946955695
500946955698
500946955715
500946955719
500946955723
500946955727
500946955735
500946955746
500946955753
500946955755
500946955761
500946955784
500946955787
500946955803
500946955813
500946955815
500946955817
500946955818
