501047011049
501047011051
501047011062
501047011270
501047011273
501047011275
501047011360
501047011362
501047011365
501047011368
501047011379
501047011381
501047011384
501047011386
501047011388
501047011390
501047011394
501047011396
501047011398
501047011401
501047011404
501047011461
501047011464
501047011466
501047011469
501047011472
501047011496
501047011499
501047011502
501047011505
501047011548
501047011549
501047011550
501047011553
501047011556
501047011560
501047011587
501047011588
501047011590
501047011592
501047011595
501047011598
501047011600
501047011602
501047011657
501047011659
501047011661
501047011665
501047011668
501047011671
501047011674
501047011676
501047011679
501047011681
501047011684
501047011686
501047011732
501047011733
501047011736
501047011792
501047011807
