501047585059
501047585077
501047585085
501047585086
501047585133
501047585134
501047585144
501047585248
501047585269
501047585279
501047585423
501047585424
501047585426
501047585430
501047585456
501047585457
501047585459
501047585463
501047585467
501047585491
501047585492
501047585494
501047585495
501047585496
501047585498
501047585499
501047585501
501047585502
501047585503
501047585505
501047585506
501047585507
501047585508
501047585510
501047585517
501047585524
501047585528
501047585534
501047585574
501047585636
501047585707
501047585960
