501047713001
501047713005
501047713016
501047713073
501047713078
501047713091
501047713092
501047713096
501047713102
501047713134
501047713136
501047713138
501047713140
501047713146
501047713149
501047713152
501047713165
501047713166
501047713168
501047713172
501047713190
501047713191
501047713192
501047713197
501047713200
501047713205
501047713210
501047713211
501047713216
501047713218
501047713220
501047713225
501047713227
501047713236
501047713237
501047713238
501047713244
501047713247
501047713248
501047713249
501047713252
501047713254
501047713257
501047713260
501047713262
501047713264
501047713267
501047713281
501047713289
501047713297
501047713298
501047713300
501047713310
501047713312
501047713313
501047713315
501047713317
501047713325
501047713326
501047713327
501047713332
501047713335
501047713337
501047713340
501047713349
501047713354
501047713355
501047713360
501047713361
501047713362
501047713363
501047713365
501047713372
501047713377
501047713392
501047713420
501047713423
501047713425
501047713429
501047713431
501047713432
501047713435
501047713439
501047713442
501047713445
501047713447
501047713448
501047713453
501047713488
501047713596
501047713732
501047713734
501047713922
