501047758004
501047758009
501047758111
501047758112
501047758114
501047758115
501047758117
501047758118
501047758122
501047758124
501047758127
501047758173
501047758206
501047758260
501047758296
501047758402
501047758431
501047758434
501047758436
501047758437
501047758492
501047758735
501047758739
501047758740
501047758785
501047758786
501047758846
501047758858
501047758859
501047758860
501047758861
501047758862
501047758863
501047758864
501047758865
501047758866
501047758867
501047758868
501047758869
501047758871
501047758874
501047758877
501047758879
501047758880
501047758881
501047758882
501047758883
501047758884
501047758885
501047758887
501047758889
501047758891
501047758892
501047758893
501047758894
501047758895
501047758896
501047758897
501047758898
501047758900
501047758950
501047758955
501047758965
501047758967
501047758969
501047758971
501047758974
