501042243031
501042243032
501042243057
501042243072
501042243091
501042243094
501042243157
501042243162
501042243196
501042243217
501042243247
501042243260
501042243265
501042243315
501042243316
501042243327
501042243333
501042243334
501042243336
501042243338
501042243415
501042243416
501042243422
501042243426
501042243437
501042243442
501042243449
501042243451
501042243462
501042243488
501042243496
501042243500
501042243508
501042243510
501042243536
501042243551
501042243560
501042243593
501042243601
501042243621
501042243683
501042243756
501042243759
501042243764
501042243776
501042243778
501042243790
501042243812
501042243822
501042243843
501042243846
501042243861
501042243907
501042243912
501042243917
501042243968
501042243972
501042243978
501042243986
