501042675051
501042675075
501042675105
501042675107
501042675110
501042675112
501042675127
501042675129
501042675137
501042675145
501042675148
501042675150
501042675160
501042675164
501042675166
501042675170
501042675182
501042675188
501042675189
501042675197
501042675203
501042675213
501042675215
501042675220
501042675222
501042675223
501042675249
501042675251
501042675270
501042675277
501042675302
501042675303
501042675304
501042675348
501042675392
501042675393
501042675398
501042675406
501042675422
501042675429
501042675452
501042675483
501042675526
501042675534
501042675568
501042675576
501042675595
501042675607
501042675610
501042675621
501042675634
501042675640
501042675644
501042675649
501042675679
501042675687
501042675698
501042675758
501042675764
501042675765
501042675770
501042675775
501042675776
501042675805
501042675806
501042675811
501042675814
501042675835
501042675838
501042675848
501042675874
501042675876
501042675891
501042675894
501042675909
501042675930
501042675976
501042675984
