501042860002
501042860035
501042860036
501042860050
501042860065
501042860122
501042860126
501042860144
501042860155
501042860183
501042860185
501042860329
501042860370
501042860463
501042860479
501042860485
501042860505
501042860511
501042860522
501042860524
501042860540
501042860602
501042860611
501042860616
501042860617
501042860626
501042860657
501042860665
501042860671
501042860685
501042860749
501042860778
501042860789
501042860860
501042860901
501042860919
501042860921
501042860928
501042860950
501042860961
501042860969
