501042941002
501042941004
501042941006
501042941007
501042941008
501042941011
501042941013
501042941015
501042941017
501042941018
501042941019
501042941021
501042941022
501042941023
501042941054
501042941066
501042941067
501042941077
501042941078
501042941080
501042941082
501042941086
501042941087
501042941091
501042941092
501042941095
501042941098
501042941103
501042941118
501042941134
501042941137
501042941138
501042941139
501042941145
501042941146
501042941150
501042941151
501042941156
501042941157
501042941159
501042941160
501042941162
501042941166
501042941171
501042941172
501042941178
501042941185
501042941189
501042941191
501042941194
501042941198
501042941200
501042941201
501042941207
501042941210
501042941214
501042941215
501042941217
501042941218
501042941219
501042941222
501042941231
501042941239
501042941242
501042941245
501042941246
501042941248
501042941250
501042941255
501042941260
501042941262
501042941264
501042941266
501042941269
501042941282
501042941283
501042941284
501042941285
501042941286
501042941287
501042941288
501042941289
501042941290
501042941291
501042941292
501042941294
501042941297
501042941300
501042941301
501042941304
501042941307
501042941308
501042941314
501042941316
501042941317
501042941320
501042941329
501042941337
501042941339
501042941342
501042941344
501042941346
501042941347
501042941356
501042941358
501042941362
501042941364
501042941366
501042941367
501042941368
501042941369
501042941371
501042941374
501042941377
501042941378
501042941379
501042941380
501042941382
501042941383
501042941385
501042941388
501042941390
501042941392
501042941393
501042941395
501042941400
501042941403
501042941406
501042941408
501042941412
501042941414
501042941415
501042941420
501042941422
501042941424
501042941425
501042941428
501042941432
501042941433
501042941434
501042941436
501042941437
501042941440
501042941445
501042941450
501042941452
501042941454
501042941459
501042941461
501042941477
501042941478
501042941487
501042941491
501042941495
501042941501
501042941503
501042941504
501042941507
501042941508
501042941509
501042941510
501042941511
501042941512
501042941515
501042941516
501042941517
501042941518
501042941519
501042941524
501042941526
501042941528
501042941531
501042941535
501042941541
501042941544
501042941551
501042941552
501042941553
501042941554
501042941556
501042941559
501042941560
501042941564
501042941566
501042941574
501042941577
501042941578
501042941579
501042941583
501042941585
501042941586
501042941588
501042941592
501042941604
501042941612
501042941621
501042941630
501042941633
501042941634
501042941637
501042941640
501042941641
501042941644
501042941653
501042941655
501042941658
501042941667
501042941668
501042941670
501042941680
501042941682
501042941683
501042941684
501042941688
501042941689
501042941691
501042941692
501042941693
501042941694
501042941696
501042941697
501042941699
501042941701
501042941702
501042941703
501042941705
501042941707
501042941711
501042941713
501042941714
501042941715
501042941717
501042941718
501042941720
501042941721
501042941723
501042941727
501042941730
501042941731
501042941733
501042941736
501042941737
501042941740
501042941742
501042941746
501042941749
501042941751
501042941753
501042941755
501042941756
501042941764
501042941765
501042941767
501042941768
501042941771
501042941772
501042941774
501042941776
501042941778
501042941779
501042941781
501042941784
501042941785
501042941788
501042941789
501042941791
501042941793
501042941795
501042941796
501042941797
501042941799
501042941802
501042941804
501042941807
501042941808
501042941810
501042941812
501042941814
501042941817
501042941819
501042941821
501042941822
501042941824
501042941826
501042941828
501042941830
501042941833
501042941840
501042941842
501042941844
501042941846
501042941848
501042941850
501042941852
501042941857
501042941859
501042941861
501042941863
501042941865
501042941866
501042941868
501042941869
501042941871
501042941875
501042941877
501042941879
501042941881
501042941883
501042941884
501042941887
501042941890
501042941892
501042941894
501042941898
501042941904
501042941906
501042941911
501042941913
501042941915
501042941920
501042941927
501042941929
501042941934
501042941938
501042941940
501042941944
501042941948
501042941950
501042941955
501042941960
501042941962
501042941964
501042941966
501042941968
501042941970
501042941972
501042941975
501042941979
501042941982
501042941983
501042941985
501042941989
501042941991
501042941995
501042941998
