501042974014
501042974067
501042974068
501042974075
501042974079
501042974087
501042974091
501042974094
501042974103
501042974106
501042974107
501042974108
501042974109
501042974121
501042974123
501042974124
501042974126
501042974129
501042974131
501042974135
501042974139
501042974142
501042974156
501042974161
501042974165
501042974166
501042974203
501042974216
501042974218
501042974297
501042974306
501042974307
501042974314
501042974315
501042974360
501042974436
501042974460
501042974469
501042974471
501042974476
501042974487
501042974550
501042974608
501042974620
501042974661
501042974678
501042974686
501042974732
501042974746
501042974753
501042974811
501042974814
501042974825
501042974846
501042974847
501042974850
501042974852
501042974878
501042974909
501042974936
501042974998
