500936057002
500936057005
500936057030
500936057032
500936057036
500936057044
500936057047
500936057049
500936057059
500936057065
500936057069
500936057077
500936057082
500936057089
500936057102
500936057106
500936057114
500936057123
500936057127
500936057141
500936057146
500936057149
500936057151
500936057152
500936057178
500936057180
500936057191
500936057214
500936057223
500936057231
500936057268
500936057294
500936057302
500936057310
500936057320
500936057343
500936057347
500936057351
500936057357
500936057360
500936057363
500936057366
500936057373
500936057381
500936057388
500936057391
500936057399
500936057428
500936057432
500936057437
500936057454
500936057458
500936057462
500936057468
500936057477
500936057487
500936057492
500936057505
500936057519
500936057521
500936057536
500936057541
500936057545
500936057552
500936057554
500936057559
500936057565
500936057571
500936057573
500936057576
500936057587
500936057592
500936057605
500936057609
500936057617
500936057618
500936057624
500936057639
500936057646
500936057648
500936057653
500936057656
500936057660
500936057665
500936057667
500936057685
500936057688
500936057689
500936057713
500936057726
500936057731
500936057746
500936057747
500936057755
500936057770
500936057773
500936057774
500936057783
500936057832
500936057834
500936057860
500936057861
500936057916
500936057918
500936057928
500936057932
500936057956
500936057958
500936057976
500936057993
500936057994
