500936117094
500936117147
500936117199
500936117203
500936117214
500936117220
500936117228
500936117234
500936117244
500936117249
500936117258
500936117262
500936117265
500936117272
500936117279
500936117287
500936117290
500936117291
500936117294
500936117312
500936117317
500936117834
500936117843
500936117853
500936117863
500936117884
500936117904
500936117907
500936117909
500936117912
500936117932
500936117933
500936117935
500936117948
500936117963
500936117966
500936117973
500936117981
500936117983
500936117998
