500936148002
500936148007
500936148008
500936148014
500936148015
500936148019
500936148027
500936148030
500936148032
500936148035
500936148042
500936148051
500936148062
500936148063
500936148091
500936148106
500936148110
500936148119
500936148125
500936148131
500936148133
500936148135
500936148136
500936148157
500936148169
500936148183
500936148201
500936148203
500936148214
500936148215
500936148219
500936148224
500936148237
500936148239
500936148263
500936148288
500936148290
500936148330
500936148346
500936148365
500936148375
500936148384
500936148412
500936148430
500936148431
500936148436
500936148439
500936148444
500936148448
500936148451
500936148475
500936148484
500936148489
500936148500
500936148504
500936148510
500936148530
500936148545
500936148546
500936148562
500936148565
500936148584
500936148589
500936148593
500936148603
500936148613
500936148618
500936148622
500936148623
500936148626
500936148675
500936148681
500936148686
500936148692
500936148698
500936148702
500936148704
500936148706
500936148708
500936148711
500936148721
500936148729
500936148736
500936148739
500936148749
500936148758
500936148782
500936148784
500936148795
500936148805
500936148808
500936148821
500936148826
500936148867
500936148872
500936148874
500936148876
500936148877
500936148885
500936148978
500936148990
500936148999
500936148002
500936148007
500936148008
500936148014
500936148015
500936148019
500936148027
500936148030
500936148032
500936148035
500936148042
500936148051
500936148062
500936148063
500936148091
500936148106
500936148110
500936148119
500936148125
500936148131
500936148133
500936148135
500936148136
500936148157
500936148169
500936148183
500936148201
500936148203
500936148214
500936148215
500936148219
500936148224
500936148237
500936148239
500936148263
500936148288
500936148290
500936148330
500936148346
500936148365
500936148375
500936148384
500936148412
500936148430
500936148431
500936148436
500936148439
500936148444
500936148448
500936148451
500936148475
500936148484
500936148489
500936148500
500936148504
500936148510
500936148530
500936148545
500936148546
500936148562
500936148565
500936148584
500936148589
500936148593
500936148603
500936148613
500936148618
500936148622
500936148623
500936148626
500936148675
500936148681
500936148686
500936148692
500936148698
500936148702
500936148704
500936148706
500936148708
500936148711
500936148721
500936148729
500936148736
500936148739
500936148749
500936148758
500936148782
500936148784
500936148795
500936148805
500936148808
500936148821
500936148826
500936148867
500936148872
500936148874
500936148876
500936148877
500936148885
500936148978
500936148990
500936148999
