500936193036
500936193045
500936193053
500936193099
500936193167
500936193234
500936193245
500936193275
500936193293
500936193315
500936193321
500936193408
500936193437
500936193499
500936193549
500936193577
500936193587
500936193614
500936193620
500936193654
500936193657
500936193660
500936193681
500936193718
500936193036
500936193045
500936193053
500936193099
500936193167
500936193234
500936193245
500936193275
500936193293
500936193315
500936193321
500936193408
500936193437
500936193499
500936193549
500936193577
500936193587
500936193614
500936193620
500936193654
500936193657
500936193660
500936193681
500936193718
