500936281004
500936281009
500936281011
500936281025
500936281026
500936281030
500936281040
500936281059
500936281061
500936281068
500936281071
500936281076
500936281078
500936281081
500936281100
500936281112
500936281115
500936281120
500936281139
500936281151
500936281162
500936281164
500936281168
500936281175
500936281176
500936281187
500936281194
500936281224
500936281226
500936281228
500936281243
500936281247
500936281254
500936281255
500936281258
500936281280
500936281284
500936281287
500936281313
500936281314
500936281320
500936281351
500936281357
500936281387
500936281394
500936281404
500936281405
500936281408
500936281412
500936281421
500936281428
500936281436
500936281440
500936281445
500936281473
500936281490
500936281493
500936281510
500936281516
500936281534
500936281535
500936281551
500936281584
500936281594
500936281610
500936281612
500936281621
500936281622
500936281627
500936281630
500936281639
500936281642
500936281645
500936281646
500936281650
500936281654
500936281656
500936281672
500936281676
500936281678
500936281685
500936281707
500936281709
500936281729
500936281733
500936281741
500936281752
500936281755
500936281758
500936281764
500936281808
500936281814
500936281815
500936281816
500936281819
