500936287321
500936287325
500936287327
500936287344
500936287356
500936287357
500936287359
500936287381
500936287391
500936287394
500936287401
500936287402
500936287412
500936287434
500936287437
500936287441
500936287459
500936287464
500936287483
500936287505
500936287507
500936287509
500936287513
500936287517
500936287520
500936287521
500936287535
500936287536
500936287550
500936287560
500936287584
500936287595
500936287615
500936287631
500936287649
500936287662
500936287671
500936287674
500936287694
500936287777
500936287781
500936287787
500936287791
500936287802
500936287806
500936287808
500936287814
500936287817
500936287820
500936287822
500936287827
500936287839
500936287847
500936287848
500936287849
500936287851
500936287854
500936287857
500936287860
500936287862
500936287882
500936287886
500936287888
500936287895
500936287900
500936287907
500936287912
500936287920
500936287969
500936287972
500936287974
500936287979
500936287981
500936287983
500936287986
500936287997
