500936293009
500936293014
500936293016
500936293055
500936293073
500936293098
500936293106
500936293111
500936293117
500936293119
500936293138
500936293147
500936293172
500936293179
500936293181
500936293207
500936293213
500936293215
500936293232
500936293238
500936293272
500936293285
500936293297
500936293299
500936293306
500936293310
500936293316
500936293344
500936293345
500936293348
500936293350
500936293351
500936293352
500936293375
500936293391
500936293393
500936293401
500936293407
500936293420
500936293427
500936293437
500936293457
500936293474
500936293476
500936293487
500936293488
500936293490
500936293500
500936293508
500936293529
500936293538
500936293540
500936293541
500936293559
500936293600
500936293606
500936293608
500936293609
500936293613
500936293616
500936293628
500936293639
500936293640
500936293645
500936293666
500936293670
500936293675
500936293677
500936293683
500936293719
500936293733
500936293736
500936293748
500936293775
500936293776
500936293821
500936293826
500936293858
500936293861
500936293869
500936293871
500936293878
500936293882
500936293884
500936293892
500936293913
500936293923
500936293927
500936293937
500936293943
500936293963
500936293967
500936293980
500936293981
500936293983
500936293986
