500936307001
500936307004
500936307025
500936307119
500936307123
500936307136
500936307140
500936307142
500936307154
500936307160
500936307166
500936307183
500936307205
500936307240
500936307260
500936307262
500936307276
500936307278
500936307288
500936307294
500936307302
500936307303
500936307313
500936307318
500936307323
500936307325
500936307328
500936307334
500936307341
500936307342
500936307345
500936307375
500936307409
500936307427
500936307428
500936307436
500936307442
500936307449
500936307454
500936307456
500936307470
500936307475
500936307493
500936307501
500936307506
500936307513
500936307515
500936307530
500936307538
500936307590
500936307610
500936307630
500936307644
500936307647
500936307659
500936307673
500936307681
500936307684
500936307686
500936307693
500936307699
500936307726
500936307727
500936307732
500936307734
500936307743
500936307746
500936307753
500936307756
500936307764
500936307765
500936307771
500936307776
500936307793
500936307795
500936307807
500936307818
500936307824
500936307833
500936307835
500936307854
500936307858
500936307861
500936307878
500936307881
500936307884
500936307909
500936307913
500936307917
500936307927
500936307937
500936307940
500936307944
500936307954
500936307982
500936307984
500936307999
