500936441034
500936441079
500936441084
500936441132
500936441139
500936441143
500936441151
500936441164
500936441250
500936441259
500936441365
500936441369
500936441374
500936441383
500936441390
500936441400
500936441486
500936441496
500936441581
500936441605
500936441792
500936441830
500936441835
500936441837
500936441841
500936441849
500936441856
500936441912
500936441994
500936441034
500936441079
500936441084
500936441132
500936441139
500936441143
500936441151
500936441164
500936441250
500936441259
500936441365
500936441369
500936441374
500936441383
500936441390
500936441400
500936441486
500936441496
500936441581
500936441605
500936441792
500936441830
500936441835
500936441837
500936441841
500936441849
500936441856
500936441912
500936441994
