500936466055
500936466062
500936466079
500936466092
500936466109
500936466114
500936466116
500936466137
500936466142
500936466145
500936466149
500936466150
500936466152
500936466173
500936466175
500936466183
500936466184
500936466200
500936466201
500936466214
500936466222
500936466230
500936466232
500936466253
500936466261
500936466282
500936466283
500936466292
500936466295
500936466297
500936466299
500936466305
500936466306
500936466316
500936466055
500936466062
500936466079
500936466092
500936466109
500936466114
500936466116
500936466137
500936466142
500936466145
500936466149
500936466150
500936466152
500936466173
500936466175
500936466183
500936466184
500936466200
500936466201
500936466214
500936466222
500936466230
500936466232
500936466253
500936466261
500936466282
500936466283
500936466292
500936466295
500936466297
500936466299
500936466305
500936466306
500936466316
