500936537326
500936537332
500936537338
500936537343
500936537347
500936537356
500936537362
500936537371
500936537377
500936537380
500936537395
500936537399
500936537412
500936537417
500936537428
500936537435
500936537451
500936537457
500936537462
500936537464
500936537469
500936537473
500936537509
500936537534
500936537538
500936537568
500936537580
500936537583
500936537605
500936537611
500936537631
500936537637
500936537660
500936537668
500936537670
500936537674
500936537685
500936537690
500936537715
500936537718
500936537729
500936537738
500936537744
500936537749
500936537768
500936537771
500936537780
500936537787
500936537798
500936537806
500936537817
500936537830
500936537837
500936537840
500936537847
500936537849
500936537857
500936537859
500936537872
500936537877
500936537893
500936537896
500936537898
500936537912
500936537913
500936537915
500936537920
500936537934
500936537955
500936537967
500936537969
500936537994
500936537326
500936537332
500936537338
500936537343
500936537347
500936537356
500936537362
500936537371
500936537377
500936537380
500936537395
500936537399
500936537412
500936537417
500936537428
500936537435
500936537451
500936537457
500936537462
500936537464
500936537469
500936537473
500936537509
500936537534
500936537538
500936537568
500936537580
500936537583
500936537605
500936537611
500936537631
500936537637
500936537660
500936537668
500936537670
500936537674
500936537685
500936537690
500936537715
500936537718
500936537729
500936537738
500936537744
500936537749
500936537768
500936537771
500936537780
500936537787
500936537798
500936537806
500936537817
500936537830
500936537837
500936537840
500936537847
500936537849
500936537857
500936537859
500936537872
500936537877
500936537893
500936537896
500936537898
500936537912
500936537913
500936537915
500936537920
500936537934
500936537955
500936537967
500936537969
500936537994
