500936896012
500936896039
500936896072
500936896081
500936896082
500936896171
500936896184
500936896190
500936896196
500936896222
500936896246
500936896294
500936896421
500936896458
500936896523
500936896527
500936896580
500936896617
500936896718
500936896749
500936896765
500936896773
500936896776
500936896781
500936896798
500936896858
500936896900
500936896923
500936896941
500936896972
500936896993
500936896012
500936896039
500936896072
500936896081
500936896082
500936896171
500936896184
500936896190
500936896196
500936896222
500936896246
500936896294
500936896421
500936896458
500936896523
500936896527
500936896580
500936896617
500936896718
500936896749
500936896765
500936896773
500936896776
500936896781
500936896798
500936896858
500936896900
500936896923
500936896941
500936896972
500936896993
