500936931366
500936931403
500936931446
500936931501
500936931503
500936931567
500936931574
500936931588
500936931645
500936931647
500936931650
500936931656
500936931689
500936931707
500936931713
500936931715
500936931716
500936931721
500936931733
500936931740
500936931772
500936931774
500936931789
500936931800
500936931812
500936931855
500936931896
500936931908
500936931912
500936931915
500936931932
500936931956
500936931993
500936931366
500936931403
500936931446
500936931501
500936931503
500936931567
500936931574
500936931588
500936931645
500936931647
500936931650
500936931656
500936931689
500936931707
500936931713
500936931715
500936931716
500936931721
500936931733
500936931740
500936931772
500936931774
500936931789
500936931800
500936931812
500936931855
500936931896
500936931908
500936931912
500936931915
500936931932
500936931956
500936931993
