500912013003
500912013060
500912013113
500912013121
500912013125
500912013129
500912013146
500912013153
500912013156
500912013176
500912013188
500912013193
500912013213
500912013215
500912013224
500912013257
500912013266
500912013270
500912013281
500912013285
500912013302
500912013329
500912013343
500912013377
500912013383
500912013391
500912013395
500912013397
500912013424
500912013467
500912013469
500912013473
500912013485
500912013487
500912013515
500912013517
500912013523
500912013547
500912013553
500912013555
500912013616
500912013624
500912013642
500912013652
500912013671
500912013674
500912013687
500912013699
500912013711
500912013734
500912013783
500912013821
500912013827
500912013838
500912013842
500912013848
500912013849
500912013888
500912013942
500912013950
500912013956
500912013986
