500912038001
500912038007
500912038014
500912038027
500912038052
500912038087
500912038095
500912038111
500912038127
500912038132
500912038134
500912038167
500912038191
500912038196
500912038209
500912038211
500912038224
500912038233
500912038234
500912038258
500912038291
500912038320
500912038344
500912038391
500912038395
500912038408
500912038413
500912038429
500912038440
500912038486
500912038502
500912038557
500912038596
500912038598
500912038618
500912038647
500912038676
500912038680
500912038683
500912038688
500912038690
500912038707
500912038712
500912038733
500912038754
500912038761
500912038776
500912038792
500912038815
500912038825
500912038834
500912038851
500912038853
500912038875
500912038884
500912038898
500912038909
500912038918
500912038947
500912038953
