500912056019
500912056026
500912056031
500912056037
500912056041
500912056073
500912056103
500912056110
500912056120
500912056138
500912056141
500912056204
500912056205
500912056206
500912056211
500912056212
500912056225
500912056228
500912056243
500912056286
500912056291
500912056293
500912056296
500912056300
500912056327
500912056344
500912056413
500912056415
500912056426
500912056428
500912056438
500912056443
500912056474
500912056480
500912056486
500912056526
500912056540
500912056550
500912056554
500912056572
500912056575
500912056577
500912056578
500912056582
500912056600
500912056650
500912056655
500912056672
500912056699
500912056727
500912056772
500912056813
500912056824
500912056834
500912056849
500912056865
500912056886
500912056892
500912056893
500912056911
500912056945
500912056953
500912056972
500912056974
500912056977
500912056979
500912056998
