500912074029
500912074040
500912074064
500912074110
500912074161
500912074180
500912074204
500912074208
500912074217
500912074232
500912074253
500912074259
500912074301
500912074307
500912074383
500912074388
500912074392
500912074436
500912074437
500912074457
500912074465
500912074469
500912074480
500912074481
500912074507
500912074514
500912074521
500912074551
500912074582
500912074603
500912074607
500912074621
500912074638
500912074669
500912074670
500912074681
500912074689
500912074694
500912074706
500912074733
500912074738
500912074743
500912074762
500912074772
500912074791
500912074794
500912074797
500912074807
500912074809
500912074834
500912074841
500912074854
500912074856
500912074877
500912074878
500912074911
500912074913
500912074921
500912074926
