500912108008
500912108020
500912108046
500912108047
500912108099
500912108100
500912108104
500912108124
500912108153
500912108159
500912108192
500912108194
500912108195
500912108197
500912108198
500912108200
500912108212
500912108226
500912108227
500912108251
500912108295
500912108299
500912108316
500912108326
500912108330
500912108334
500912108343
500912108345
500912108349
500912108371
500912108375
500912108403
500912108427
500912108430
500912108432
500912108436
500912108439
500912108487
500912108505
500912108514
500912108517
500912108585
500912108598
500912108621
500912108641
500912108651
500912108674
500912108681
500912108718
500912108738
500912108774
500912108787
500912108802
500912108804
500912108807
500912108830
500912108842
500912108862
500912108877
500912108896
500912108898
500912108911
500912108912
500912108931
500912108935
500912108941
500912108954
500912108958
500912108984
