500912398001
500912398022
500912398042
500912398047
500912398061
500912398066
500912398115
500912398132
500912398136
500912398141
500912398170
500912398219
500912398226
500912398238
500912398278
500912398284
500912398311
500912398329
500912398347
500912398353
500912398369
500912398415
500912398454
500912398507
500912398534
500912398536
500912398547
500912398563
500912398601
500912398642
500912398652
500912398658
500912398664
500912398675
500912398679
500912398710
500912398733
500912398739
500912398740
500912398741
500912398743
500912398765
500912398770
500912398776
500912398780
500912398782
500912398800
500912398807
500912398834
500912398906
500912398911
500912398939
500912398941
500912398962
500912398968
500912398981
