500912561323
500912561351
500912561383
500912561385
500912561387
500912561401
500912561409
500912561449
500912561462
500912561468
500912561472
500912561478
500912561485
500912561509
500912561515
500912561516
500912561526
500912561546
500912561564
500912561586
500912561599
500912561607
500912561646
500912561666
500912561693
500912561709
500912561756
500912561785
500912561813
500912561815
500912561820
500912561846
500912561851
500912561882
500912561883
500912561885
500912561887
500912561953
500912561959
500912561966
