500912652003
500912652004
500912652017
500912652023
500912652029
500912652038
500912652060
500912652062
500912652088
500912652103
500912652122
500912652125
500912652132
500912652133
500912652145
500912652175
500912652183
500912652193
500912652217
500912652241
500912652243
500912652247
500912652250
500912652253
500912652261
500912652274
500912652288
500912652300
500912652301
500912652308
500912652310
500912652312
500912652323
500912652343
500912652345
500912652359
500912652364
500912652365
500912652452
500912652458
500912652460
500912652472
500912652572
500912652579
500912652589
500912652626
500912652634
500912652649
500912652676
500912652682
500912652692
500912652703
500912652707
500912652713
500912652727
500912652742
500912652747
500912652755
500912652763
500912652767
500912652769
500912652771
500912652778
500912652779
500912652781
500912652783
500912652814
500912652832
500912652865
500912652881
500912652911
500912652916
500912652919
500912652941
500912652948
500912652998
