500912776002
500912776053
500912776060
500912776065
500912776127
500912776153
500912776174
500912776190
500912776216
500912776272
500912776330
500912776335
500912776347
500912776367
500912776372
500912776376
500912776388
500912776406
500912776419
500912776445
500912776470
500912776490
500912776517
500912776530
500912776536
500912776549
500912776678
500912776681
500912776693
500912776707
500912776710
500912776758
500912776816
500912776834
500912776844
500912776864
500912776904
500912776945
500912776947
500912776966
500912776967
500912776977
500912776985
500912776991
500912776997
