500912959001
500912959018
500912959047
500912959097
500912959144
500912959160
500912959164
500912959170
500912959180
500912959187
500912959205
500912959267
500912959269
500912959271
500912959282
500912959296
500912959317
500912959327
500912959363
500912959366
500912959433
500912959474
500912959480
500912959501
500912959515
500912959524
500912959525
500912959552
500912959554
500912959571
500912959612
500912959626
500912959644
500912959646
500912959654
500912959657
500912959661
500912959669
500912959672
500912959703
500912959714
500912959753
500912959772
500912959773
500912959791
500912959797
500912959833
500912959862
500912959892
500912959899
500912959906
500912959914
500912959943
500912959953
500912959978
500912959982
