501058113010
501058113015
501058113021
501058113141
501058113152
501058113171
501058113181
501058113203
501058113207
501058113219
501058113274
501058113290
501058113343
501058113360
501058113362
501058113405
501058113406
501058113407
501058113426
501058113434
501058113438
501058113446
501058113450
501058113455
501058113456
501058113457
501058113459
501058113464
501058113466
501058113467
501058113470
501058113474
501058113477
501058113484
501058113485
501058113487
501058113489
501058113498
501058113584
501058113684
501058113689
501058113779
501058113935
501058113939
501058113960
