501058487034
501058487054
501058487093
501058487118
501058487152
501058487213
501058487240
501058487255
501058487320
501058487322
501058487325
501058487360
501058487595
501058487647
501058487693
501058487827
501058487829
501058487831
501058487833
501058487839
501058487840
501058487842
501058487843
501058487844
501058487847
501058487848
501058487849
501058487852
501058487853
501058487854
501058487855
501058487856
501058487857
501058487858
501058487859
501058487861
501058487865
501058487866
501058487867
501058487868
501058487870
501058487871
501058487873
501058487875
501058487876
501058487889
501058487890
501058487892
501058487894
501058487943
501058487974
