501058888000
501058888016
501058888039
501058888171
501058888189
501058888190
501058888192
501058888193
501058888197
501058888199
501058888201
501058888202
501058888205
501058888207
501058888208
501058888210
501058888215
501058888221
501058888223
501058888224
501058888225
501058888226
501058888228
501058888233
501058888236
501058888238
501058888242
501058888244
501058888246
501058888248
501058888253
501058888264
501058888308
501058888373
501058888405
501058888406
501058888425
501058888453
501058888454
501058888524
501058888537
501058888550
501058888558
501058888560
501058888627
501058888682
501058888722
501058888748
501058888759
501058888765
501058888804
501058888822
501058888838
501058888856
501058888882
501058888904
501058888927
501058888978
