500996096012
500996096013
500996096015
500996096020
500996096039
500996096051
500996096073
500996096105
500996096120
500996096141
500996096174
500996096198
500996096200
500996096210
500996096267
500996096276
500996096278
500996096279
500996096293
500996096297
500996096305
500996096356
500996096371
500996096375
500996096381
500996096396
500996096397
500996096404
500996096448
500996096453
500996096477
500996096483
500996096496
500996096500
500996096503
500996096510
500996096524
500996096531
500996096634
500996096646
500996096677
500996096715
500996096724
500996096725
500996096727
500996096738
500996096797
500996096806
500996096814
500996096823
500996096843
500996096858
500996096862
500996096868
500996096886
500996096934
500996096938
500996096962
500996096974
500996096981
500996096983
