500996348018
500996348025
500996348054
500996348093
500996348097
500996348107
500996348143
500996348188
500996348228
500996348266
500996348275
500996348292
500996348300
500996348309
500996348311
500996348330
500996348342
500996348384
500996348454
500996348464
500996348465
500996348515
500996348518
500996348523
500996348534
500996348535
500996348580
500996348588
500996348629
500996348677
500996348707
500996348726
500996348771
500996348783
500996348786
500996348808
500996348822
500996348826
500996348834
500996348840
500996348855
500996348863
500996348870
500996348882
500996348886
500996348889
500996348950
500996348955
