500996552046
500996552066
500996552068
500996552081
500996552088
500996552115
500996552131
500996552163
500996552168
500996552175
500996552185
500996552223
500996552225
500996552234
500996552235
500996552283
500996552286
500996552292
500996552310
500996552312
500996552314
500996552315
500996552325
500996552329
500996552331
500996552337
500996552349
500996552355
500996552359
500996552363
500996552369
500996552373
500996552375
500996552402
500996552420
500996552443
500996552476
500996552529
500996552532
500996552573
500996552574
500996552617
500996552635
500996552665
500996552666
500996552736
500996552743
500996552768
500996552775
500996552818
500996552830
500996552835
500996552842
500996552858
500996552921
500996552942
500996552943
