500996559007
500996559018
500996559021
500996559024
500996559049
500996559058
500996559070
500996559122
500996559128
500996559146
500996559205
500996559239
500996559271
500996559276
500996559277
500996559282
500996559327
500996559363
500996559370
500996559383
500996559412
500996559413
500996559441
500996559446
500996559492
500996559495
500996559509
500996559517
500996559526
500996559527
500996559535
500996559541
500996559547
500996559558
500996559586
500996559600
500996559602
500996559606
500996559610
500996559622
500996559646
500996559696
500996559703
500996559710
500996559723
500996559725
500996559731
500996559744
500996559745
500996559764
500996559766
500996559796
500996559805
500996559808
500996559811
500996559827
500996559829
500996559840
500996559845
500996559849
500996559853
500996559854
500996559893
500996559898
500996559903
500996559912
500996559913
500996559940
500996559954
500996559967
500996559983
