500996750019
500996750023
500996750024
500996750031
500996750040
500996750124
500996750196
500996750212
500996750231
500996750238
500996750277
500996750335
500996750340
500996750342
500996750354
500996750358
500996750359
500996750360
500996750361
500996750363
500996750415
500996750418
500996750421
500996750428
500996750431
500996750432
500996750443
500996750450
500996750460
500996750472
500996750474
500996750480
500996750515
500996750540
500996750541
500996750568
500996750572
500996750582
500996750590
500996750594
500996750606
500996750624
500996750644
500996750672
500996750709
500996750711
500996750714
500996750724
500996750728
500996750731
500996750739
500996750741
500996750758
500996750767
500996750773
500996750775
500996750799
500996750811
500996750832
500996750834
500996750835
500996750837
500996750866
500996750890
500996750892
500996750917
500996750919
500996750934
500996750943
500996750967
