500996908001
500996908015
500996908032
500996908037
500996908055
500996908059
500996908083
500996908086
500996908103
500996908111
500996908126
500996908131
500996908152
500996908157
500996908160
500996908163
500996908215
500996908249
500996908253
500996908285
500996908291
500996908319
500996908328
500996908330
500996908335
500996908347
500996908349
500996908352
500996908358
500996908366
500996908395
500996908402
500996908413
500996908465
500996908468
500996908470
500996908473
500996908477
500996908480
500996908488
500996908519
500996908523
500996908526
500996908529
500996908535
500996908537
500996908545
500996908546
500996908550
500996908577
500996908588
500996908594
500996908635
500996908641
500996908654
500996908658
500996908678
500996908679
500996908685
500996908686
500996908690
500996908695
500996908739
500996908775
500996908791
500996908841
500996908918
500996908919
500996908923
500996908925
500996908938
500996908950
500996908956
500996908983
500996908985
500996908990
500996908992
