500008085011
500008085013
500008085033
500008085224
500008085245
500008085280
500008085313
500008085317
500008085331
500008085346
500008085349
500008085356
500008085379
500008085424
500008085436
500008085453
500008085468
500008085470
500008085527
500008085535
500008085537
500008085538
500008085551
500008085563
500008085585
500008085637
500008085640
500008085665
500008085675
500008085677
500008085682
500008085778
500008085796
500008085818
500008085862
500008085879
500008085885
500008085899
500008085903
500008085921
500008085925
500008085938
500008085939
500008085961
500008085979
500008085981
