500008176029
500008176082
500008176139
500008176187
500008176189
500008176193
500008176221
500008176225
500008176245
500008176249
500008176299
500008176336
500008176389
500008176427
500008176433
500008176437
500008176453
500008176454
500008176465
500008176498
500008176500
500008176554
500008176577
500008176584
500008176605
500008176646
500008176652
500008176653
500008176677
500008176684
500008176688
500008176689
500008176693
500008176696
500008176706
500008176752
500008176772
500008176775
500008176788
500008176793
500008176797
500008176840
500008176860
500008176870
500008176885
500008176938
500008176939
500008176961
500008176994
