500008189009
500008189019
500008189026
500008189039
500008189046
500008189065
500008189069
500008189084
500008189089
500008189101
500008189119
500008189127
500008189128
500008189131
500008189142
500008189187
500008189195
500008189199
500008189202
500008189218
500008189221
500008189223
500008189230
500008189232
500008189236
500008189249
500008189252
500008189261
500008189264
500008189276
500008189279
500008189282
500008189290
500008189293
500008189303
500008189306
500008189308
500008189309
500008189312
500008189315
500008189326
500008189349
500008189353
500008189363
500008189365
500008189375
500008189387
500008189395
500008189410
500008189424
500008189432
500008189435
500008189438
500008189448
500008189466
500008189468
500008189470
500008189478
500008189480
500008189481
500008189498
500008189500
500008189504
500008189525
500008189530
500008189531
500008189533
500008189538
500008189541
500008189544
500008189564
500008189567
500008189587
500008189595
500008189604
500008189605
500008189624
500008189636
500008189640
500008189650
500008189663
500008189667
500008189676
500008189683
500008189693
500008189694
500008189700
500008189709
500008189711
500008189716
500008189720
500008189722
500008189734
500008189756
500008189764
500008189766
500008189772
500008189773
500008189791
500008189826
500008189829
500008189832
500008189851
500008189852
500008189864
500008189867
500008189868
500008189871
500008189874
500008189875
500008189883
500008189888
500008189892
500008189895
500008189901
500008189922
500008189928
500008189942
500008189946
500008189950
500008189953
500008189962
500008189964
500008189968
500008189970
500008189986
