500008257021
500008257023
500008257031
500008257049
500008257058
500008257061
500008257064
500008257086
500008257098
500008257117
500008257120
500008257145
500008257157
500008257158
500008257169
500008257172
500008257216
500008257226
500008257234
500008257245
500008257248
500008257249
500008257258
500008257268
500008257305
500008257320
500008257328
500008257344
500008257352
500008257358
500008257368
500008257377
500008257385
500008257420
500008257421
500008257450
500008257460
500008257470
500008257474
500008257480
500008257484
500008257486
500008257490
500008257492
500008257500
500008257533
500008257565
500008257573
500008257585
500008257861
500008257866
500008257877
500008257879
500008257895
500008257898
500008257911
500008257917
500008257966
500008257975
500008257979
