500008297007
500008297010
500008297020
500008297025
500008297033
500008297048
500008297052
500008297054
500008297056
500008297061
500008297066
500008297097
500008297132
500008297134
500008297150
500008297156
500008297171
500008297186
500008297193
500008297194
500008297199
500008297203
500008297209
500008297213
500008297215
500008297223
500008297282
500008297307
500008297317
500008297320
500008297398
500008297401
500008297546
500008297550
500008297574
500008297639
500008297648
500008297660
500008297690
500008297699
500008297701
500008297705
500008297708
500008297716
500008297722
500008297732
500008297736
500008297737
500008297752
500008297759
500008297763
500008297769
500008297792
500008297796
500008297799
500008297803
500008297810
500008297829
500008297838
500008297846
500008297860
500008297861
500008297878
500008297894
500008297911
500008297930
500008297934
500008297936
500008297947
500008297949
500008297953
500008297959
500008297972
500008297975
500008297976
500008297978
500008297985
500008297998
