500008305001
500008305002
500008305014
500008305235
500008305245
500008305251
500008305270
500008305271
500008305282
500008305284
500008305290
500008305305
500008305315
500008305347
500008305350
500008305351
500008305353
500008305373
500008305376
500008305391
500008305392
500008305394
500008305401
500008305414
500008305424
500008305455
500008305499
500008305505
500008305522
500008305538
500008305543
500008305554
500008305556
500008305558
500008305560
500008305592
500008305609
500008305622
500008305623
500008305649
500008305653
500008305656
500008305668
500008305676
500008305681
500008305685
500008305689
500008305698
500008305711
500008305714
500008305718
500008305721
500008305734
500008305753
500008305756
500008305757
500008305760
500008305767
500008305787
500008305796
500008305799
500008305802
500008305809
500008305814
500008305845
500008305849
500008305850
500008305854
500008305856
500008305859
500008305863
500008305865
500008305866
500008305867
500008305870
500008305871
500008305872
500008305877
500008305883
500008305884
500008305885
500008305886
500008305890
500008305895
500008305896
500008305897
500008305907
500008305918
500008305920
500008305927
500008305928
500008305929
500008305937
500008305938
500008305946
500008305948
500008305959
500008305968
500008305974
500008305978
500008305984
500008305997
