500008425014
500008425038
500008425042
500008425057
500008425060
500008425061
500008425064
500008425065
500008425066
500008425070
500008425071
500008425072
500008425075
500008425077
500008425079
500008425099
500008425100
500008425106
500008425128
500008425148
500008425152
500008425155
500008425161
500008425172
500008425184
500008425205
500008425211
500008425214
500008425219
500008425237
500008425246
500008425263
500008425278
500008425286
500008425326
500008425360
500008425362
500008425374
500008425376
500008425381
500008425395
500008425397
500008425403
500008425422
500008425432
500008425441
500008425456
500008425463
500008425465
500008425468
500008425474
500008425506
500008425543
500008425575
500008425581
500008425591
500008425601
500008425602
500008425611
500008425614
500008425620
500008425622
500008425626
500008425633
500008425657
500008425689
500008425692
500008425705
500008425709
500008425710
500008425718
500008425719
500008425733
500008425734
500008425768
500008425778
500008425783
500008425796
500008425800
500008425804
500008425806
500008425813
500008425815
500008425816
