500008472002
500008472004
500008472224
500008472225
500008472227
500008472252
500008472260
500008472261
500008472274
500008472281
500008472293
500008472304
500008472315
500008472320
500008472321
500008472325
500008472327
500008472343
500008472363
500008472376
500008472385
500008472389
500008472406
500008472426
500008472454
500008472456
500008472461
500008472489
500008472509
500008472514
500008472519
500008472533
500008472541
500008472560
500008472561
500008472568
500008472578
500008472589
500008472677
500008472696
500008472705
500008472743
500008472772
500008472781
500008472783
500008472838
500008472839
500008472880
500008472896
500008472930
500008472959
500008472962
500008472964
500008472969
500008472973
500008472996
500008472997
