500008490011
500008490018
500008490021
500008490225
500008490230
500008490257
500008490260
500008490275
500008490289
500008490295
500008490297
500008490313
500008490315
500008490322
500008490336
500008490349
500008490357
500008490360
500008490395
500008490398
500008490403
500008490408
500008490409
500008490416
500008490421
500008490426
500008490447
500008490448
500008490458
500008490468
500008490480
500008490488
500008490498
500008490503
500008490533
500008490540
500008490542
500008490546
500008490547
500008490560
500008490562
500008490568
500008490573
500008490577
500008490578
500008490597
500008490602
500008490613
500008490622
500008490634
500008490648
500008490651
500008490654
500008490655
500008490656
500008490662
500008490671
500008490673
500008490674
500008490685
500008490695
500008490704
500008490705
500008490713
500008490716
500008490728
500008490731
500008490737
500008490743
500008490755
500008490766
500008490767
500008490777
500008490778
500008490793
500008490820
500008490825
500008490827
500008490833
500008490837
500008490840
500008490845
500008490846
500008490850
500008490859
500008490874
500008490879
500008490887
500008490910
500008490927
500008490929
500008490939
500008490942
500008490960
500008490964
500008490991
500008490997
