500008536023
500008536038
500008536063
500008536076
500008536080
500008536089
500008536097
500008536105
500008536111
500008536114
500008536125
500008536136
500008536174
500008536177
500008536201
500008536226
500008536236
500008536240
500008536257
500008536273
500008536281
500008536283
500008536304
500008536314
500008536345
500008536355
500008536366
500008536379
500008536385
500008536386
500008536407
500008536447
500008536452
500008536461
500008536466
500008536471
500008536475
500008536477
500008536478
500008536480
500008536481
500008536484
500008536485
500008536487
500008536490
500008536492
500008536493
500008536497
500008536503
500008536509
500008536536
500008536539
500008536543
500008536550
500008536551
500008536556
500008536567
500008536577
500008536583
500008536586
500008536588
500008536608
500008536609
500008536622
500008536623
500008536624
500008536627
500008536629
500008536630
500008536632
500008536661
500008536663
500008536672
500008536673
500008536674
500008536701
500008536704
500008536706
500008536729
500008536733
500008536777
500008536796
500008536806
500008536813
500008536820
500008536829
500008536862
500008536866
500008536876
500008536888
500008536908
500008536917
500008536921
