500008608011
500008608038
500008608041
500008608052
500008608053
500008608056
500008608068
500008608095
500008608114
500008608165
500008608184
500008608203
500008608208
500008608251
500008608271
500008608293
500008608317
500008608364
500008608384
500008608386
500008608412
500008608420
500008608429
500008608437
500008608442
500008608456
500008608459
500008608481
500008608502
500008608521
500008608535
500008608548
500008608556
500008608590
500008608637
500008608642
500008608672
500008608704
500008608709
500008608716
500008608721
500008608745
500008608749
500008608769
500008608770
500008608789
500008608803
500008608806
500008608873
500008608874
500008608877
500008608878
500008608926
500008608927
500008608928
500008608929
500008608930
500008608931
500008608932
500008608934
500008608935
500008608936
500008608939
500008608941
500008608942
500008608950
500008608951
500008608952
500008608954
500008608955
500008608956
500008608958
500008608959
500008608960
500008608961
500008608963
500008608964
500008608966
500008608970
500008608972
500008608974
500008608979
