500008613002
500008613016
500008613024
500008613037
500008613048
500008613052
500008613081
500008613082
500008613097
500008613106
500008613120
500008613139
500008613161
500008613163
500008613189
500008613201
500008613242
500008613264
500008613267
500008613279
500008613292
500008613299
500008613337
500008613386
500008613393
500008613450
500008613477
500008613512
500008613516
500008613535
500008613539
500008613554
500008613581
500008613606
500008613620
500008613634
500008613671
500008613710
500008613711
500008613753
500008613830
500008613844
500008613872
500008613886
500008613912
500008613914
500008613959
500008613962
500008613976
500008613979
500008613992
500008613997
