500008772004
500008772005
500008772012
500008772019
500008772039
500008772061
500008772062
500008772063
500008772093
500008772120
500008772121
500008772137
500008772141
500008772167
500008772182
500008772203
500008772204
500008772213
500008772214
500008772221
500008772230
500008772233
500008772242
500008772249
500008772261
500008772300
500008772415
500008772418
500008772419
500008772426
500008772432
500008772463
500008772478
500008772480
500008772504
500008772518
500008772546
500008772549
500008772567
500008772599
500008772619
500008772648
500008772652
500008772667
500008772692
500008772702
500008772703
500008772748
500008772751
500008772785
500008772793
500008772794
500008772798
500008772812
500008772868
500008772889
500008772971
500008772987
