500008822007
500008822009
500008822026
500008822029
500008822059
500008822070
500008822073
500008822077
500008822084
500008822088
500008822089
500008822099
500008822105
500008822125
500008822154
500008822156
500008822169
500008822188
500008822193
500008822258
500008822263
500008822302
500008822309
500008822321
500008822336
500008822348
500008822352
500008822363
500008822388
500008822398
500008822399
500008822409
500008822439
500008822468
500008822479
500008822485
500008822487
500008822508
500008822516
500008822525
500008822554
500008822559
500008822562
500008822569
500008822572
500008822608
500008822614
500008822615
500008822627
500008822635
500008822642
500008822644
500008822647
500008822652
500008822656
500008822657
500008822663
500008822665
500008822681
500008822690
500008822695
500008822707
500008822711
500008822732
500008822771
500008822774
500008822785
500008822789
500008822817
500008822820
500008822839
500008822863
500008822870
500008822920
500008822936
500008822938
500008822962
500008822973
500008822985
500008822986
500008822987
500008822990
500008822992
500008822993
500008822996
