500008857027
500008857035
500008857043
500008857064
500008857072
500008857082
500008857085
500008857119
500008857122
500008857123
500008857125
500008857153
500008857169
500008857171
500008857176
500008857184
500008857191
500008857435
500008857454
500008857471
500008857472
500008857490
500008857502
500008857509
500008857528
500008857533
500008857564
500008857573
500008857574
500008857613
500008857625
500008857658
500008857670
500008857671
500008857674
500008857675
500008857690
500008857691
500008857707
500008857719
500008857735
500008857745
500008857748
500008857757
500008857758
500008857772
500008857781
500008857784
500008857801
500008857814
500008857819
500008857846
500008857857
500008857858
500008857870
500008857882
500008857890
500008857918
500008857944
500008857950
500008857973
500008857975
500008857977
500008857991
