500008946007
500008946066
500008946098
500008946101
500008946108
500008946113
500008946127
500008946134
500008946139
500008946146
500008946147
500008946154
500008946160
500008946161
500008946180
500008946190
500008946202
500008946206
500008946209
500008946223
500008946250
500008946252
500008946272
500008946277
500008946285
500008946301
500008946307
500008946308
500008946343
500008946371
500008946377
500008946382
500008946407
500008946411
500008946415
500008946420
500008946438
500008946448
500008946453
500008946462
500008946486
500008946494
500008946504
500008946524
500008946570
500008946585
500008946598
500008946599
500008946601
500008946603
500008946607
500008946608
500008946613
500008946618
500008946634
500008946644
500008946657
500008946663
500008946697
500008946703
500008946704
500008946711
500008946712
500008946752
500008946763
500008946775
500008946849
500008946851
500008946855
500008946863
500008946876
500008946877
500008946890
500008946905
500008946913
500008946919
500008946923
500008946940
500008946951
500008946952
500008946953
500008946963
500008946965
500008946975
