500896711012
500896711016
500896711020
500896711080
500896711099
500896711126
500896711138
500896711141
500896711155
500896711184
500896711189
500896711232
500896711242
500896711284
500896711293
500896711314
500896711319
500896711358
500896711387
500896711398
500896711485
500896711487
500896711488
500896711489
500896711490
500896711491
500896711493
500896711495
500896711496
500896711497
500896711498
500896711499
500896711501
500896711502
500896711503
500896711505
500896711508
500896711509
500896711512
500896711513
500896711521
500896711547
500896711562
500896711643
500896711644
500896711658
500896711677
500896711683
500896711695
500896711729
500896711752
500896711791
500896711816
500896711843
500896711873
500896711957
500896711974
