501005189006
501005189059
501005189063
501005189075
501005189084
501005189091
501005189092
501005189094
501005189096
501005189099
501005189104
501005189110
501005189112
501005189119
501005189124
501005189126
501005189127
501005189132
501005189136
501005189138
501005189148
501005189181
501005189210
501005189234
501005189237
501005189252
501005189272
501005189273
501005189284
501005189293
501005189310
501005189315
501005189329
501005189331
501005189358
501005189360
501005189369
501005189370
501005189384
501005189389
501005189402
501005189405
501005189416
501005189417
501005189426
501005189430
501005189441
501005189462
501005189476
501005189508
501005189510
501005189511
501005189519
501005189537
501005189541
501005189548
501005189572
501005189580
501005189596
501005189608
501005189620
501005189649
501005189653
501005189654
501005189658
501005189660
501005189661
501005189665
501005189670
501005189672
501005189675
501005189679
501005189700
501005189701
501005189705
501005189708
501005189716
501005189717
501005189737
501005189740
501005189746
501005189756
501005189757
501005189769
501005189784
501005189786
501005189787
501005189789
501005189798
501005189800
501005189802
501005189813
501005189818
501005189821
501005189822
501005189843
501005189844
501005189856
501005189862
501005189863
501005189868
501005189869
501005189885
501005189891
501005189912
501005189916
501005189922
501005189925
501005189933
501005189935
501005189939
501005189940
501005189945
501005189946
501005189949
501005189952
501005189957
501005189964
501005189969
501005189976
501005189977
501005189981
501005189983
501005189984
501005189987
501005189989
501005189991
