501005227000
501005227007
501005227009
501005227014
501005227057
501005227058
501005227079
501005227093
501005227101
501005227122
501005227137
501005227157
501005227178
501005227195
501005227196
501005227200
501005227234
501005227237
501005227238
501005227241
501005227252
501005227270
501005227280
501005227283
501005227299
501005227304
501005227331
501005227352
501005227361
501005227363
501005227368
501005227370
501005227371
501005227381
501005227382
501005227392
501005227399
501005227406
501005227422
501005227431
501005227435
501005227438
501005227439
501005227444
501005227446
501005227481
501005227483
501005227484
501005227486
501005227488
501005227493
501005227497
501005227499
501005227500
501005227502
501005227503
501005227504
501005227506
501005227513
501005227517
501005227557
501005227560
501005227561
501005227570
501005227575
501005227579
501005227580
501005227582
501005227584
501005227588
501005227592
501005227598
501005227612
501005227621
501005227624
501005227639
501005227641
501005227653
501005227654
501005227655
501005227663
501005227664
501005227670
501005227676
501005227686
501005227695
501005227700
501005227701
501005227720
501005227723
501005227747
501005227753
501005227773
501005227774
501005227775
501005227780
501005227782
501005227794
501005227796
501005227858
501005227870
501005227888
501005227917
501005227925
501005227944
