501005573025
501005573028
501005573038
501005573045
501005573046
501005573048
501005573052
501005573079
501005573083
501005573087
501005573090
501005573091
501005573095
501005573099
501005573112
501005573132
501005573136
501005573158
501005573160
501005573167
501005573173
501005573182
501005573184
501005573191
501005573196
501005573204
501005573205
501005573207
501005573208
501005573229
501005573284
501005573309
501005573311
501005573313
501005573315
501005573341
501005573345
501005573352
501005573354
501005573365
501005573380
501005573385
501005573387
501005573389
501005573394
501005573397
501005573410
501005573414
501005573423
501005573431
501005573432
501005573463
501005573464
501005573495
501005573559
501005573561
501005573572
501005573581
501005573585
501005573597
501005573620
501005573624
501005573658
501005573697
501005573707
501005573712
501005573720
501005573735
501005573741
501005573753
501005573772
501005573775
501005573796
501005573807
501005573812
501005573815
501005573840
501005573853
501005573865
501005573867
501005573868
501005573872
501005573891
501005573898
501005573923
501005573926
501005573935
501005573939
501005573959
501005573980
501005573983
