501005886031
501005886038
501005886041
501005886043
501005886046
501005886048
501005886053
501005886059
501005886067
501005886070
501005886086
501005886094
501005886119
501005886124
501005886129
501005886134
501005886139
501005886150
501005886158
501005886180
501005886181
501005886183
501005886195
501005886202
501005886214
501005886242
501005886247
501005886250
501005886253
501005886262
501005886265
501005886267
501005886270
501005886286
501005886292
501005886298
501005886301
501005886303
501005886327
501005886330
501005886333
501005886338
501005886341
501005886345
501005886351
501005886358
501005886368
501005886375
501005886378
501005886381
501005886387
501005886430
501005886434
501005886445
501005886450
501005886460
501005886488
501005886496
501005886506
501005886511
501005886522
501005886556
501005886560
501005886563
501005886574
501005886636
501005886641
501005886643
501005886648
501005886692
501005886711
501005886721
501005886724
501005886732
501005886734
501005886747
501005886754
501005886761
501005886768
501005886774
501005886791
501005886794
501005886801
501005886813
501005886827
501005886847
501005886854
501005886875
501005886890
501005886905
501005886911
501005886912
501005886913
501005886914
501005886923
501005886931
501005886969
501005886979
501005886988
501005886995
