500822464085
500822464111
500822464134
500822464189
500822464230
500822464298
500822464416
500822464482
500822464484
500822464485
500822464525
500822464541
500822464556
500822464561
500822464579
500822464581
500822464583
500822464587
500822464659
500822464685
500822464708
500822464734
500822464754
500822464758
500822464805
500822464831
500822464833
500822464869
500822464870
500822464875
500822464880
500822464881
500822464910
500822464925
500822464927
500822464932
500822464966
500822464986
500822464998
