500532008143
500532008145
500532008161
500532008163
500532008239
500532008240
500532008269
500532008312
500532008333
500532008340
500532008371
500532008474
500532008524
500532008528
500532008532
500532008536
500532008543
500532008668
500532008722
500532008763
500532008786
500532008791
500532008798
500532008806
500532008821
500532008823
500532008826
500532008841
500532008843
500532008847
500532008852
500532008855
500532008881
500532008886
500532008890
500532008897
500532008904
500532008912
500532008915
500532008921
500532008926
500532008933
500532008944
500532008949
500532008951
500532008952
500532008967
500532008974
500532008980
500532008986
500532008990
500532008997
500532008998
