500979194001
500979194008
500979194014
500979194016
500979194021
500979194026
500979194041
500979194044
500979194062
500979194071
500979194089
500979194096
500979194116
500979194119
500979194124
500979194142
500979194148
500979194151
500979194156
500979194162
500979194198
500979194200
500979194221
500979194228
500979194238
500979194239
500979194241
500979194254
500979194259
500979194263
500979194274
500979194282
500979194285
500979194286
500979194305
500979194307
500979194323
500979194332
500979194346
500979194365
500979194369
500979194391
500979194403
500979194417
500979194420
500979194429
500979194435
500979194440
500979194443
500979194444
500979194452
500979194463
500979194466
500979194472
500979194491
500979194515
500979194517
500979194523
500979194527
500979194541
500979194555
500979194556
500979194573
500979194575
500979194586
500979194587
500979194599
500979194600
500979194601
500979194602
500979194615
500979194617
500979194619
500979194637
500979194650
500979194651
500979194656
500979194659
500979194663
500979194678
500979194701
500979194739
500979194741
500979194754
500979194802
500979194819
500979194843
500979194849
500979194850
500979194852
500979194855
500979194862
500979194867
500979194869
500979194878
500979194887
500979194896
500979194903
500979194941
500979194947
500979194981
500979194993
500979194997
