500979226004
500979226006
500979226008
500979226034
500979226045
500979226066
500979226072
500979226074
500979226100
500979226109
500979226112
500979226152
500979226155
500979226157
500979226158
500979226169
500979226181
500979226187
500979226196
500979226198
500979226202
500979226216
500979226223
500979226234
500979226236
500979226249
500979226257
500979226263
500979226270
500979226277
500979226282
500979226296
500979226297
500979226309
500979226312
500979226316
500979226318
500979226328
500979226331
500979226343
500979226346
500979226370
500979226378
500979226392
500979226397
500979226399
500979226411
500979226420
500979226462
500979226465
500979226466
500979226467
500979226477
500979226478
500979226483
500979226491
500979226501
500979226509
500979226512
500979226525
500979226526
500979226552
500979226555
500979226569
500979226580
500979226587
500979226598
500979226599
500979226600
500979226604
500979226611
500979226612
500979226616
500979226635
500979226642
500979226643
500979226647
500979226655
500979226657
500979226673
500979226676
500979226677
500979226684
500979226691
500979226693
500979226700
500979226708
500979226710
500979226722
500979226728
500979226735
500979226749
500979226752
500979226755
500979226757
500979226758
500979226775
500979226777
500979226780
500979226799
500979226802
500979226827
500979226830
500979226848
500979226850
500979226864
500979226867
500979226871
500979226877
500979226881
500979226883
500979226894
500979226895
500979226906
500979226908
500979226909
500979226930
500979226938
500979226964
500979226969
500979226971
500979226972
500979226975
500979226979
500979226983
500979226985
500979226990
500979226992
500979226998
