500979634020
500979634025
500979634054
500979634092
500979634112
500979634127
500979634135
500979634138
500979634165
500979634175
500979634184
500979634189
500979634204
500979634212
500979634228
500979634233
500979634235
500979634239
500979634248
500979634301
500979634304
500979634306
500979634314
500979634334
500979634340
500979634342
500979634347
500979634357
500979634359
500979634370
500979634371
500979634383
500979634392
500979634407
500979634412
500979634420
500979634423
500979634428
500979634429
500979634444
500979634457
500979634463
500979634483
500979634508
500979634512
500979634524
500979634527
500979634533
500979634534
500979634537
500979634572
500979634586
500979634601
500979634607
500979634609
500979634629
500979634679
500979634687
500979634724
500979634742
500979634745
500979634750
500979634770
500979634773
500979634776
500979634779
500979634784
500979634813
500979634822
500979634838
500979634843
500979634845
500979634846
500979634847
500979634870
500979634878
500979634879
500979634881
500979634885
500979634889
500979634892
500979634899
500979634914
500979634950
500979634965
500979634969
500979634979
500979634983
500979634985
500979634986
500979634994
500979634996
