500979879004
500979879024
500979879028
500979879031
500979879037
500979879044
500979879053
500979879058
500979879062
500979879082
500979879086
500979879098
500979879099
500979879100
500979879102
500979879106
500979879120
500979879121
500979879123
500979879125
500979879126
500979879129
500979879133
500979879144
500979879159
500979879175
500979879176
500979879204
500979879209
500979879215
500979879234
500979879236
500979879239
500979879259
500979879273
500979879303
500979879319
500979879320
500979879327
500979879329
500979879341
500979879366
500979879369
500979879397
500979879399
500979879410
500979879418
500979879422
500979879436
500979879443
500979879449
500979879451
500979879465
500979879478
500979879534
500979879539
500979879575
500979879577
500979879586
500979879591
500979879595
500979879597
500979879611
500979879614
500979879636
500979879663
500979879666
500979879669
500979879673
500979879677
500979879682
500979879684
500979879711
500979879729
500979879730
500979879731
500979879733
500979879742
500979879744
500979879746
500979879768
500979879772
500979879774
500979879779
500979879789
500979879844
500979879845
500979879852
500979879859
500979879868
500979879872
500979879881
500979879893
500979879897
500979879899
500979879902
500979879903
500979879917
500979879927
500979879941
500979879951
500979879971
500979879978
500979879983
500979879987
