500979901009
500979901015
500979901017
500979901018
500979901030
500979901031
500979901032
500979901034
500979901036
500979901037
500979901039
500979901041
500979901043
500979901047
500979901048
500979901050
500979901056
500979901059
500979901060
500979901061
500979901063
500979901067
500979901073
500979901076
500979901077
500979901088
500979901090
500979901102
500979901103
500979901110
500979901115
500979901121
500979901123
500979901140
500979901166
500979901168
500979901173
500979901175
500979901191
500979901193
500979901195
500979901197
500979901203
500979901215
500979901219
500979901227
500979901234
500979901248
500979901260
500979901265
500979901278
500979901282
500979901296
500979901313
500979901315
500979901323
500979901326
500979901328
500979901335
500979901345
500979901351
500979901364
500979901367
500979901370
500979901377
500979901385
500979901386
500979901387
500979901393
500979901398
500979901400
500979901405
500979901417
500979901457
500979901495
500979901497
500979901499
500979901506
500979901508
500979901510
500979901514
500979901519
500979901521
500979901530
500979901567
500979901571
500979901573
500979901595
500979901601
500979901610
500979901655
500979901657
500979901716
500979901741
500979901744
500979901750
500979901754
500979901761
500979901771
500979901787
500979901789
500979901800
500979901805
500979901809
500979901810
500979901813
500979901821
500979901825
500979901834
500979901837
500979901841
500979901855
500979901862
500979901868
500979901870
500979901880
500979901882
500979901885
500979901892
500979901913
500979901920
500979901934
500979901948
500979901961
500979901962
500979901963
500979901966
500979901980
500979901993
