500979944002
500979944006
500979944010
500979944020
500979944027
500979944031
500979944038
500979944040
500979944066
500979944085
500979944090
500979944097
500979944103
500979944105
500979944108
500979944115
500979944120
500979944124
500979944126
500979944133
500979944143
500979944166
500979944171
500979944183
500979944188
500979944190
500979944226
500979944238
500979944241
500979944246
500979944252
500979944273
500979944274
500979944279
500979944294
500979944304
500979944308
500979944315
500979944322
500979944324
500979944339
500979944344
500979944348
500979944350
500979944364
500979944366
500979944371
500979944374
500979944375
500979944378
500979944381
500979944382
500979944399
500979944415
500979944419
500979944423
500979944425
500979944460
500979944467
500979944485
500979944486
500979944488
500979944503
500979944531
500979944534
500979944546
500979944547
500979944549
500979944557
500979944559
500979944561
500979944564
500979944577
500979944580
500979944582
500979944585
500979944598
500979944603
500979944605
500979944609
500979944610
500979944613
500979944614
500979944622
500979944645
500979944647
500979944657
500979944660
500979944663
500979944667
500979944675
500979944685
500979944689
500979944705
500979944706
500979944710
500979944714
500979944716
500979944723
500979944725
500979944730
500979944734
500979944740
500979944746
500979944764
500979944809
500979944815
500979944816
500979944818
500979944820
500979944826
500979944837
500979944840
500979944857
500979944877
500979944881
500979944899
500979944902
500979944916
500979944931
500979944935
500979944944
500979944947
500979944953
500979944958
500979944970
500979944981
500979944983
500979944986
500979944993
500979944997
500979944998
