500979950004
500979950042
500979950046
500979950050
500979950063
500979950102
500979950125
500979950127
500979950130
500979950136
500979950161
500979950170
500979950183
500979950204
500979950229
500979950231
500979950236
500979950241
500979950259
500979950264
500979950266
500979950270
500979950271
500979950273
500979950287
500979950297
500979950310
500979950312
500979950313
500979950318
500979950322
500979950355
500979950363
500979950371
500979950387
500979950446
500979950456
500979950460
500979950470
500979950473
500979950475
500979950482
500979950483
500979950486
500979950494
500979950496
500979950497
500979950505
500979950512
500979950513
500979950515
500979950519
500979950520
500979950522
500979950525
500979950528
500979950531
500979950547
500979950596
500979950620
500979950622
500979950642
500979950649
500979950694
500979950695
500979950698
500979950700
500979950708
500979950722
500979950724
500979950727
500979950742
500979950744
500979950745
500979950755
500979950759
500979950765
500979950775
500979950779
500979950783
500979950806
500979950807
500979950813
500979950831
500979950839
500979950843
500979950847
500979950855
500979950877
500979950879
500979950882
500979950908
500979950918
500979950923
500979950926
500979950928
500979950937
500979950943
500979950955
500979950957
500979950964
500979950967
500979950974
500979950978
500979950981
500979950985
500979950988
500979950993
500979950999
