501017018013
501017018028
501017018029
501017018036
501017018038
501017018040
501017018043
501017018053
501017018057
501017018059
501017018060
501017018068
501017018086
501017018093
501017018122
501017018132
501017018134
501017018138
501017018140
501017018154
501017018159
501017018162
501017018165
501017018169
501017018206
501017018209
501017018268
501017018291
501017018314
501017018322
501017018366
501017018374
501017018395
501017018402
501017018410
501017018412
501017018420
501017018440
501017018456
501017018461
501017018462
501017018463
501017018487
501017018503
501017018514
501017018521
501017018561
501017018574
501017018577
501017018605
501017018623
501017018627
501017018630
501017018636
501017018642
501017018646
501017018648
501017018650
501017018659
501017018662
501017018673
501017018702
501017018706
501017018722
501017018731
501017018736
501017018739
501017018746
501017018758
501017018763
501017018790
501017018796
501017018839
501017018843
501017018847
501017018851
501017018862
501017018865
501017018902
501017018915
501017018921
501017018923
501017018926
