501017071026
501017071036
501017071037
501017071051
501017071053
501017071055
501017071068
501017071072
501017071094
501017071106
501017071155
501017071165
501017071171
501017071176
501017071178
501017071193
501017071219
501017071223
501017071224
501017071232
501017071240
501017071244
501017071254
501017071260
501017071279
501017071305
501017071316
501017071325
501017071326
501017071362
501017071394
501017071405
501017071421
501017071425
501017071430
501017071446
501017071459
501017071490
501017071491
501017071513
501017071528
501017071551
501017071557
501017071560
501017071561
501017071567
501017071589
501017071597
501017071602
501017071603
501017071614
501017071616
501017071621
501017071638
501017071641
501017071646
501017071647
501017071686
501017071703
501017071716
501017071737
501017071745
501017071748
501017071758
501017071769
501017071773
501017071779
501017071827
501017071843
501017071855
501017071888
501017071890
501017071891
501017071916
501017071968
501017071998
