501017178005
501017178012
501017178022
501017178035
501017178048
501017178065
501017178091
501017178094
501017178114
501017178116
501017178130
501017178141
501017178146
501017178164
501017178184
501017178200
501017178204
501017178215
501017178217
501017178220
501017178222
501017178226
501017178228
501017178231
501017178259
501017178276
501017178280
501017178284
501017178286
501017178289
501017178290
501017178294
501017178347
501017178349
501017178351
501017178412
501017178420
501017178427
501017178429
501017178430
501017178435
501017178442
501017178445
501017178454
501017178503
501017178518
501017178521
501017178530
501017178570
501017178584
501017178600
501017178642
501017178649
501017178664
501017178683
501017178695
501017178704
501017178707
501017178709
501017178736
501017178742
501017178757
501017178771
501017178802
501017178803
501017178805
501017178808
501017178809
501017178823
501017178836
501017178853
501017178862
501017178872
501017178880
501017178913
501017178922
501017178924
501017178928
501017178945
501017178951
501017178954
501017178967
501017178977
