501017256005
501017256020
501017256024
501017256030
501017256031
501017256041
501017256048
501017256049
501017256051
501017256053
501017256062
501017256072
501017256073
501017256085
501017256096
501017256106
501017256114
501017256116
501017256148
501017256155
501017256158
501017256161
501017256180
501017256182
501017256191
501017256197
501017256200
501017256229
501017256230
501017256234
501017256251
501017256260
501017256271
501017256285
501017256288
501017256290
501017256304
501017256307
501017256349
501017256350
501017256353
501017256364
501017256374
501017256483
501017256489
501017256494
501017256498
501017256500
501017256512
501017256518
501017256520
501017256522
501017256526
501017256545
501017256550
501017256554
501017256557
501017256566
501017256567
501017256576
501017256578
501017256588
501017256599
501017256601
501017256617
501017256651
501017256656
501017256662
501017256673
501017256689
501017256700
501017256708
501017256712
501017256724
501017256726
501017256738
501017256757
501017256762
501017256766
501017256768
501017256783
501017256794
501017256797
501017256803
501017256815
501017256826
501017256864
501017256868
501017256881
501017256894
501017256904
501017256916
501017256928
501017256932
501017256934
501017256948
501017256949
501017256987
501017256998
