501017257025
501017257031
501017257054
501017257061
501017257070
501017257085
501017257089
501017257095
501017257125
501017257135
501017257145
501017257168
501017257176
501017257191
501017257193
501017257194
501017257196
501017257197
501017257215
501017257218
501017257231
501017257237
501017257257
501017257259
501017257262
501017257267
501017257268
501017257274
501017257279
501017257280
501017257285
501017257287
501017257295
501017257299
501017257301
501017257308
501017257319
501017257335
501017257345
501017257348
501017257351
501017257365
501017257367
501017257383
501017257392
501017257428
501017257451
501017257456
501017257460
501017257508
501017257510
501017257514
501017257522
501017257539
501017257553
501017257556
501017257571
501017257579
501017257584
501017257592
501017257595
501017257622
501017257627
501017257643
501017257648
501017257696
501017257725
501017257726
501017257727
501017257733
501017257746
501017257810
501017257814
501017257819
501017257829
501017257859
501017257878
501017257879
501017257894
501017257910
501017257926
501017257927
501017257967
501017257975
501017257979
501017257993
