501017388048
501017388065
501017388067
501017388089
501017388091
501017388108
501017388113
501017388119
501017388120
501017388129
501017388137
501017388151
501017388153
501017388176
501017388181
501017388185
501017388190
501017388199
501017388201
501017388218
501017388234
501017388238
501017388254
501017388261
501017388262
501017388263
501017388312
501017388317
501017388332
501017388340
501017388343
501017388345
501017388362
501017388385
501017388389
501017388398
501017388399
501017388401
501017388405
501017388413
501017388421
501017388422
501017388427
501017388433
501017388439
501017388440
501017388442
501017388446
501017388448
501017388449
501017388457
501017388467
501017388476
501017388480
501017388481
501017388484
501017388490
501017388502
501017388509
501017388512
501017388520
501017388524
501017388528
501017388533
501017388544
501017388547
501017388558
501017388562
501017388565
501017388573
501017388584
501017388596
501017388604
501017388617
501017388719
501017388721
501017388724
501017388739
501017388758
501017388766
501017388788
501017388796
501017388810
501017388814
501017388820
501017388844
501017388870
501017388882
501017388894
501017388907
501017388945
501017388958
501017388963
501017388969
501017388981
