501017596001
501017596017
501017596044
501017596057
501017596058
501017596076
501017596085
501017596110
501017596115
501017596124
501017596137
501017596139
501017596163
501017596175
501017596182
501017596186
501017596213
501017596223
501017596242
501017596269
501017596275
501017596277
501017596280
501017596293
501017596311
501017596315
501017596317
501017596322
501017596326
501017596341
501017596351
501017596361
501017596365
501017596427
501017596428
501017596464
501017596467
501017596468
501017596500
501017596508
501017596528
501017596538
501017596539
501017596543
501017596547
501017596563
501017596574
501017596627
501017596647
501017596651
501017596655
501017596656
501017596661
501017596664
501017596665
501017596666
501017596670
501017596672
501017596674
501017596680
501017596682
501017596700
501017596706
501017596712
501017596735
501017596762
501017596775
501017596781
501017596788
501017596800
501017596811
501017596821
501017596834
501017596835
501017596836
501017596854
501017596884
501017596887
501017596894
501017596901
501017596909
501017596910
501017596914
501017596917
501017596921
501017596944
