501017642011
501017642015
501017642021
501017642032
501017642042
501017642075
501017642095
501017642125
501017642135
501017642142
501017642177
501017642204
501017642208
501017642211
501017642217
501017642218
501017642237
501017642248
501017642254
501017642257
501017642279
501017642320
501017642321
501017642324
501017642328
501017642335
501017642338
501017642342
501017642348
501017642410
501017642425
501017642462
501017642473
501017642489
501017642497
501017642500
501017642533
501017642548
501017642552
501017642557
501017642575
501017642635
501017642638
501017642652
501017642778
501017642779
501017642822
501017642836
501017642852
501017642878
501017642889
501017642907
501017642909
501017642913
501017642975
501017642991
501017642998
