501017850001
501017850023
501017850026
501017850036
501017850042
501017850044
501017850046
501017850065
501017850134
501017850137
501017850227
501017850236
501017850238
501017850248
501017850255
501017850279
501017850280
501017850302
501017850325
501017850327
501017850330
501017850332
501017850350
501017850372
501017850378
501017850382
501017850387
501017850394
501017850409
501017850463
501017850466
501017850470
501017850479
501017850490
501017850508
501017850527
501017850530
501017850531
501017850532
501017850574
501017850576
501017850586
501017850588
501017850616
501017850618
501017850630
501017850633
501017850634
501017850642
501017850651
501017850665
501017850668
501017850687
501017850688
501017850689
501017850705
501017850718
501017850719
501017850792
501017850796
501017850799
501017850806
501017850818
501017850851
501017850856
501017850864
501017850871
501017850873
501017850875
501017850876
501017850892
501017850915
501017850921
501017850923
501017850940
501017850942
501017850950
501017850952
501017850963
501017850973
501017850978
501017850980
501017850983
