501096561000
501096561001
501096561029
501096561115
501096561117
501096561124
501096561128
501096561138
501096561164
501096561169
501096561177
501096561181
501096561189
501096561190
501096561194
501096561199
501096561201
501096561203
501096561204
501096561208
501096561209
501096561210
501096561211
501096561216
501096561218
501096561220
501096561226
501096561234
501096561255
501096561259
501096561287
501096561322
501096561328
501096561369
501096561443
501096561591
501096561605
501096561707
501096561723
501096561764
501096561794
