500419047001
500419047132
500419047136
500419047141
500419047151
500419047166
500419047169
500419047172
500419047174
500419047176
500419047178
500419047182
500419047185
500419047188
500419047190
500419047193
500419047194
500419047197
500419047217
500419047260
500419047368
500419047380
500419047397
500419047520
500419047545
500419047553
500419047555
500419047560
500419047574
500419047578
500419047579
500419047586
500419047597
500419047612
500419047626
500419047633
500419047638
500419047645
500419047650
500419047653
500419047857
500419047892
500419047904
500419047913
500419047965
