500747792241
500747792271
500747792279
500747792284
500747792291
500747792297
500747792300
500747792307
500747792310
500747792317
500747792321
500747792327
500747792335
500747792352
500747792361
500747792365
500747792380
500747792386
500747792391
500747792395
500747792402
500747792411
500747792415
500747792418
500747792420
500747792427
500747792428
500747792431
500747792436
500747792452
500747792454
500747792522
500747792529
500747792531
500747792532
500747792619
500747792651
500747792683
500747792800
500747792982
