500925262000
500925262002
500925262050
500925262062
500925262065
500925262083
500925262145
500925262184
500925262223
500925262226
500925262229
500925262238
500925262251
500925262277
500925262278
500925262285
500925262296
500925262297
500925262301
500925262306
500925262310
500925262321
500925262329
500925262335
500925262383
500925262390
500925262392
500925262403
500925262415
500925262417
500925262419
500925262423
500925262431
500925262437
500925262438
500925262450
500925262465
500925262483
500925262487
500925262493
500925262497
500925262504
500925262507
500925262511
500925262514
500925262524
500925262559
500925262573
500925262598
500925262649
500925262650
500925262673
500925262676
500925262720
500925262734
500925262758
500925262777
500925262821
500925262841
500925262872
500925262876
500925262883
500925262899
500925262907
500925262962
500925262998
