500480668112
500480668232
500480668325
500480668338
500480668362
500480668363
500480668369
500480668372
500480668374
500480668380
500480668382
500480668391
500480668395
500480668399
500480668402
500480668406
500480668407
500480668414
500480668426
500480668428
500480668430
500480668435
500480668467
500480668472
500480668488
500480668497
500480668500
500480668503
500480668510
500480668514
500480668525
500480668538
500480668540
500480668549
500480668600
500480668611
500480668722
500480668727
500480668733
500480668759
500480668783
500480668794
500480668860
500480668864
500480668929
