501054734004
501054734050
501054734112
501054734182
501054734232
501054734235
501054734254
501054734257
501054734261
501054734264
501054734268
501054734269
501054734272
501054734283
501054734285
501054734286
501054734287
501054734314
501054734315
501054734317
501054734331
501054734334
501054734339
501054734342
501054734343
501054734344
501054734373
501054734376
501054734381
501054734384
501054734391
501054734394
501054734398
501054734399
501054734400
501054734403
501054734406
501054734408
501054734410
501054734411
501054734412
501054734417
501054734418
501054734420
501054734422
501054734426
501054734428
501054734429
501054734430
501054734431
501054734436
501054734441
501054734454
501054734458
501054734459
501054734460
501054734461
501054734462
501054734464
501054734465
501054734466
501054734467
501054734468
501054734469
501054734470
501054734472
501054734473
501054734490
501054734492
501054734494
501054734497
501054734502
501054734503
501054734504
501054734506
501054734507
501054734508
501054734509
501054734511
501054734512
501054734514
501054734519
501054734524
501054734526
501054734530
501054734532
501054734535
501054734537
501054734540
501054734543
501054734548
501054734549
501054734551
501054734559
501054734560
501054734562
501054734564
501054734575
501054734577
501054734583
501054734593
501054734594
501054734595
501054734596
501054734597
501054734598
501054734599
501054734600
501054734615
501054734616
501054734617
501054734622
501054734627
501054734629
501054734631
501054734632
501054734638
501054734639
501054734640
501054734641
501054734645
501054734647
501054734651
501054734652
501054734654
501054734655
501054734656
501054734660
501054734665
501054734666
501054734668
501054734669
501054734673
501054734675
501054734683
501054734686
501054734688
501054734690
501054734691
501054734693
501054734694
501054734695
501054734697
501054734698
501054734702
501054734706
501054734713
501054734715
501054734717
501054734718
501054734733
501054734734
501054734736
501054734737
501054734741
501054734743
501054734745
501054734749
501054734753
501054734758
501054734764
501054734767
501054734768
501054734772
501054734777
501054734780
501054734782
501054734785
501054734789
501054734793
501054734795
501054734796
501054734799
501054734802
501054734803
501054734805
501054734808
501054734813
501054734815
501054734817
501054734818
501054734819
501054734949
