500004188000
500004188006
500004188037
500004188038
500004188050
500004188060
500004188080
500004188093
500004188097
500004188114
500004188121
500004188155
500004188161
500004188210
500004188222
500004188231
500004188252
500004188288
500004188298
500004188299
500004188318
500004188371
500004188388
500004188432
500004188492
500004188502
500004188534
500004188551
500004188557
500004188563
500004188609
500004188631
500004188637
500004188650
500004188654
500004188659
500004188692
500004188715
500004188723
500004188750
500004188782
500004188786
500004188794
500004188818
500004188825
500004188847
500004188879
500004188880
500004188885
500004188888
500004188890
500004188920
500004188938
500004188953
500004188956
500004188957
500004188960
500004188974
500004188975
