500004756024
500004756027
500004756059
500004756065
500004756068
500004756084
500004756087
500004756103
500004756107
500004756113
500004756173
500004756182
500004756194
500004756200
500004756204
500004756207
500004756208
500004756227
500004756230
500004756261
500004756278
500004756281
500004756294
500004756298
500004756299
500004756313
500004756318
500004756345
500004756362
500004756370
500004756393
500004756398
500004756401
500004756405
500004756437
500004756463
500004756464
500004756481
500004756486
500004756510
500004756514
500004756528
500004756540
500004756559
500004756562
500004756580
500004756590
500004756597
500004756603
500004756614
500004756621
500004756624
500004756642
500004756646
500004756663
500004756669
500004756675
500004756683
500004756713
500004756719
500004756723
500004756728
500004756749
500004756772
500004756789
500004756808
500004756820
500004756824
500004756835
500004756841
500004756859
500004756861
500004756874
500004756897
500004756903
500004756922
500004756946
500004756957
500004756978
500004756989
500004756994
500004756995
