500004790002
500004790008
500004790043
500004790127
500004790137
500004790155
500004790177
500004790218
500004790253
500004790276
500004790281
500004790286
500004790376
500004790378
500004790389
500004790416
500004790424
500004790439
500004790458
500004790476
500004790499
500004790503
500004790511
500004790518
500004790522
500004790536
500004790575
500004790597
500004790632
500004790651
500004790652
500004790670
500004790692
500004790703
500004790711
500004790731
500004790750
500004790791
500004790807
500004790812
500004790825
500004790840
500004790848
500004790877
500004790890
500004790891
500004790896
500004790915
500004790928
500004790947
500004790978
