500937322000
500937322002
500937322008
500937322010
500937322019
500937322021
500937322025
500937322038
500937322040
500937322043
500937322063
500937322080
500937322088
500937322089
500937322128
500937322130
500937322134
500937322137
500937322139
500937322141
500937322146
500937322152
500937322155
500937322156
500937322166
500937322167
500937322177
500937322180
500937322182
500937322183
500937322186
500937322187
500937322197
500937322208
500937322221
500937322230
500937322232
500937322238
500937322254
500937322258
500937322304
500937322312
500937322314
500937322326
500937322344
500937322348
500937322349
500937322356
500937322363
500937322365
500937322367
500937322383
500937322395
500937322406
500937322409
500937322411
500937322417
500937322426
500937322428
500937322449
500937322455
500937322463
500937322474
500937322484
500937322494
500937322497
500937322506
500937322509
500937322510
500937322512
500937322514
500937322516
500937322521
500937322526
500937322535
500937322542
500937322544
500937322574
500937322575
500937322580
500937322582
500937322583
500937322590
500937322591
500937322594
500937322612
500937322642
500937322647
500937322651
500937322661
500937322667
500937322669
500937322670
500937322679
500937322691
500937322699
500937322747
500937322766
500937322771
500937322781
500937322844
500937322847
500937322861
500937322906
500937322907
500937322916
500937322939
500937322948
500937322955
500937322960
500937322964
500937322980
500937322983
500937322986
500937322987
500937322989
