500937837002
500937837022
500937837023
500937837026
500937837030
500937837044
500937837049
500937837066
500937837081
500937837083
500937837087
500937837092
500937837100
500937837108
500937837118
500937837132
500937837143
500937837146
500937837165
500937837185
500937837196
500937837197
500937837200
500937837205
500937837206
500937837220
500937837229
500937837231
500937837253
500937837260
500937837273
500937837283
500937837297
500937837307
500937837311
500937837318
500937837323
500937837343
500937837354
500937837360
500937837368
500937837372
500937837384
500937837406
500937837417
500937837442
500937837443
500937837447
500937837452
500937837459
500937837473
500937837493
500937837496
500937837497
500937837518
500937837519
500937837520
500937837535
500937837547
500937837549
500937837558
500937837562
500937837564
500937837565
500937837574
500937837596
500937837597
500937837600
500937837609
500937837646
500937837647
500937837662
500937837676
500937837683
500937837700
500937837703
500937837705
500937837706
500937837709
500937837711
500937837721
500937837733
500937837738
500937837754
500937837759
500937837764
500937837771
500937837780
500937837783
500937837788
500937837789
500937837803
500937837818
500937837831
500937837835
500937837848
500937837853
500937837854
500937837858
500937837877
500937837883
500937837915
500937837928
500937837933
500937837938
500937837943
500937837945
