500937864023
500937864024
500937864041
500937864098
500937864101
500937864102
500937864116
500937864135
500937864157
500937864172
500937864204
500937864216
500937864217
500937864226
500937864230
500937864234
500937864267
500937864270
500937864296
500937864297
500937864298
500937864316
500937864324
500937864364
500937864382
500937864397
500937864414
500937864424
500937864451
500937864467
500937864479
500937864490
500937864508
500937864510
500937864517
500937864523
500937864524
500937864552
500937864554
500937864556
500937864567
500937864585
500937864589
500937864606
500937864608
500937864611
500937864616
500937864650
500937864683
500937864689
500937864691
500937864703
500937864710
500937864727
500937864729
500937864732
500937864740
500937864742
500937864745
500937864755
500937864775
500937864777
500937864799
500937864803
500937864804
500937864807
500937864867
500937864869
500937864874
500937864878
500937864886
500937864899
500937864907
500937864944
500937864947
500937864949
500937864980
500937864981
500937864987
