500937985002
500937985011
500937985016
500937985021
500937985029
500937985031
500937985048
500937985050
500937985066
500937985070
500937985074
500937985080
500937985089
500937985092
500937985101
500937985105
500937985106
500937985114
500937985124
500937985125
500937985131
500937985135
500937985143
500937985145
500937985149
500937985164
500937985169
500937985172
500937985177
500937985181
500937985184
500937985187
500937985188
500937985192
500937985195
500937985201
500937985209
500937985214
500937985219
500937985221
500937985224
500937985231
500937985255
500937985293
500937985295
500937985302
500937985307
500937985319
500937985334
500937985337
500937985344
500937985345
500937985347
500937985348
500937985353
500937985360
500937985366
500937985380
500937985381
500937985382
500937985391
500937985398
500937985410
500937985426
500937985435
500937985443
500937985446
500937985454
500937985466
500937985468
500937985470
500937985517
500937985520
500937985532
500937985538
500937985543
500937985544
500937985545
500937985558
500937985562
500937985563
500937985574
500937985575
500937985578
500937985616
500937985686
500937985697
500937985699
500937985701
500937985704
500937985705
500937985709
500937985712
500937985722
500937985758
500937985769
500937985772
500937985773
500937985775
500937985778
500937985780
500937985782
500937985786
500937985791
500937985794
500937985797
500937985800
500937985802
500937985805
500937985813
500937985827
500937985828
500937985831
500937985834
500937985839
500937985849
500937985854
500937985857
500937985859
500937985879
500937985897
500937985899
500937985906
500937985909
500937985911
500937985914
500937985917
500937985922
500937985934
500937985938
500937985941
500937985942
500937985956
500937985963
500937985964
500937985965
500937985973
500937985974
500937985980
500937985982
500937985990
500937985992
500937985998
