500678064009
500678064075
500678064143
500678064147
500678064176
500678064268
500678064330
500678064369
500678064391
500678064395
500678064400
500678064422
500678064424
500678064431
500678064437
500678064444
500678064457
500678064585
500678064622
500678064624
500678064645
500678064652
500678064667
500678064676
500678064678
500678064685
500678064689
500678064693
500678064699
500678064717
500678064830
500678064833
500678064834
500678064872
500678064881
500678064884
500678064899
500678064909
500678064911
500678064930
500678064953
