500921700099
500921700116
500921700171
500921700175
500921700179
500921700207
500921700215
500921700238
500921700240
500921700252
500921700282
500921700285
500921700299
500921700308
500921700343
500921700402
500921700413
500921700418
500921700466
500921700490
500921700513
500921700526
500921700530
500921700540
500921700548
500921700550
500921700564
500921700567
500921700572
500921700596
500921700607
500921700623
500921700655
500921700739
500921700755
500921700760
500921700776
500921700809
500921700816
