501094096012
501094096023
501094096026
501094096067
501094096091
501094096192
501094096198
501094096394
501094096404
501094096407
501094096409
501094096411
501094096418
501094096435
501094096473
501094096538
501094096615
501094096625
501094096628
501094096638
501094096650
501094096660
501094096661
501094096669
501094096676
501094096680
501094096681
501094096683
501094096684
501094096686
501094096888
501094096893
501094096927
501094096928
501094096932
501094096935
501094096953
501094096954
501094096955
501094096956
501094096957
501094096959
501094096960
501094096962
501094096964
501094096966
501094096969
501094096972
501094096975
501094096976
501094096998
501094096999
