500990175013
500990175027
500990175057
500990175084
500990175097
500990175101
500990175103
500990175112
500990175118
500990175123
500990175132
500990175238
500990175258
500990175267
500990175277
500990175279
500990175319
500990175339
500990175342
500990175369
500990175393
500990175413
500990175415
500990175422
500990175446
500990175458
500990175464
500990175492
500990175495
500990175498
500990175500
500990175504
500990175542
500990175548
500990175586
500990175587
500990175593
500990175613
500990175615
500990175617
500990175623
500990175717
500990175733
500990175747
500990175755
500990175768
500990175771
500990175783
500990175804
500990175806
500990175810
500990175812
500990175821
500990175822
500990175826
500990175854
500990175860
500990175876
500990175908
500990175924
500990175961
500990175983
