500990194027
500990194033
500990194039
500990194060
500990194073
500990194078
500990194086
500990194116
500990194166
500990194182
500990194187
500990194203
500990194209
500990194222
500990194242
500990194284
500990194291
500990194293
500990194300
500990194334
500990194340
500990194354
500990194367
500990194368
500990194381
500990194390
500990194392
500990194394
500990194418
500990194430
500990194432
500990194437
500990194441
500990194447
500990194448
500990194452
500990194460
500990194464
500990194467
500990194471
500990194475
500990194477
500990194484
500990194487
500990194490
500990194491
500990194499
500990194503
500990194505
500990194507
500990194511
500990194515
500990194517
500990194521
500990194523
500990194535
500990194548
500990194552
500990194559
500990194560
500990194570
500990194610
500990194628
500990194633
500990194640
500990194661
500990194673
500990194684
500990194699
500990194781
500990194806
500990194817
500990194843
500990194846
500990194946
500990194948
500990194981
