500990418000
500990418015
500990418071
500990418095
500990418154
500990418162
500990418169
500990418175
500990418193
500990418205
500990418215
500990418239
500990418260
500990418265
500990418273
500990418276
500990418285
500990418287
500990418314
500990418325
500990418333
500990418348
500990418360
500990418365
500990418369
500990418370
500990418378
500990418383
500990418386
500990418388
500990418391
500990418396
500990418401
500990418404
500990418409
500990418436
500990418442
500990418454
500990418461
500990418472
500990418476
500990418488
500990418491
500990418503
500990418515
500990418538
500990418542
500990418562
500990418571
500990418594
500990418596
500990418597
500990418634
500990418641
500990418643
500990418648
500990418660
500990418662
500990418663
500990418664
500990418674
500990418676
500990418683
500990418711
500990418727
500990418728
500990418734
500990418739
500990418742
500990418745
500990418752
500990418755
500990418772
500990418775
500990418791
500990418794
500990418795
500990418808
500990418836
500990418838
500990418860
500990418863
500990418867
500990418869
500990418874
500990418897
500990418900
500990418923
500990418957
500990418969
