500990492018
500990492040
500990492064
500990492075
500990492089
500990492095
500990492097
500990492105
500990492123
500990492127
500990492128
500990492129
500990492143
500990492147
500990492152
500990492178
500990492184
500990492264
500990492269
500990492272
500990492276
500990492305
500990492314
500990492315
500990492321
500990492333
500990492334
500990492336
500990492341
500990492379
500990492407
500990492423
500990492460
500990492462
500990492470
500990492499
500990492539
500990492541
500990492581
500990492591
500990492638
500990492653
500990492699
500990492722
500990492766
500990492784
500990492788
500990492808
500990492844
500990492847
500990492907
500990492924
500990492928
