500010348036
500010348073
500010348080
500010348146
500010348168
500010348169
500010348198
500010348249
500010348269
500010348280
500010348336
500010348350
500010348388
500010348395
500010348397
500010348398
500010348399
500010348426
500010348431
500010348443
500010348444
500010348457
500010348466
500010348482
500010348484
500010348493
500010348531
500010348544
500010348561
500010348611
500010348613
500010348620
500010348634
500010348662
500010348666
500010348670
500010348701
500010348714
500010348717
500010348718
500010348749
500010348782
500010348796
500010348818
500010348819
500010348820
500010348874
500010348905
500010348912
500010348931
500010348944
500010348951
500010348956
500010348965
500010348996
