500010402013
500010402015
500010402030
500010402053
500010402065
500010402072
500010402079
500010402085
500010402097
500010402098
500010402101
500010402105
500010402114
500010402131
500010402134
500010402135
500010402139
500010402145
500010402162
500010402169
500010402185
500010402187
500010402202
500010402226
500010402238
500010402247
500010402254
500010402269
500010402309
500010402316
500010402319
500010402323
500010402329
500010402333
500010402335
500010402355
500010402364
500010402387
500010402402
500010402404
500010402406
500010402458
500010402469
500010402480
500010402491
500010402496
500010402511
500010402521
500010402551
500010402573
500010402607
500010402831
500010402854
500010402861
500010402892
500010402904
500010402923
500010402963
