500010416020
500010416025
500010416028
500010416029
500010416031
500010416032
500010416060
500010416083
500010416091
500010416092
500010416093
500010416099
500010416107
500010416109
500010416120
500010416132
500010416138
500010416146
500010416149
500010416155
500010416158
500010416172
500010416197
500010416226
500010416241
500010416242
500010416244
500010416246
500010416249
500010416251
500010416263
500010416270
500010416276
500010416286
500010416303
500010416311
500010416327
500010416348
500010416352
500010416359
500010416362
500010416393
500010416396
500010416403
500010416406
500010416414
500010416415
500010416418
500010416443
500010416458
500010416484
500010416488
500010416489
500010416507
500010416555
500010416556
500010416568
500010416574
500010416577
500010416586
500010416593
500010416614
500010416625
500010416638
500010416642
500010416648
500010416652
500010416653
500010416656
500010416657
500010416664
500010416665
500010416680
500010416682
500010416698
500010416703
500010416704
500010416708
500010416712
500010416714
500010416716
500010416717
500010416729
500010416741
500010416744
500010416761
500010416770
500010416776
500010416783
500010416784
500010416786
500010416791
500010416814
500010416816
