500010867019
500010867026
500010867062
500010867075
500010867079
500010867082
500010867125
500010867145
500010867147
500010867175
500010867203
500010867205
500010867273
500010867283
500010867312
500010867353
500010867357
500010867372
500010867397
500010867432
500010867439
500010867457
500010867462
500010867474
500010867479
500010867481
500010867486
500010867546
500010867553
500010867554
500010867561
500010867571
500010867581
500010867588
500010867590
500010867601
500010867610
500010867629
500010867630
500010867652
500010867665
500010867683
500010867697
500010867701
500010867715
500010867751
500010867756
500010867816
500010867818
500010867861
500010867863
500010867901
500010867928
500010867946
