500010894063
500010894084
500010894095
500010894133
500010894137
500010894216
500010894239
500010894258
500010894264
500010894272
500010894290
500010894292
500010894330
500010894338
500010894352
500010894384
500010894400
500010894416
500010894419
500010894434
500010894464
500010894475
500010894542
500010894570
500010894592
500010894598
500010894639
500010894649
500010894651
500010894684
500010894690
500010894705
500010894782
500010894803
500010894810
500010894816
500010894821
500010894826
500010894852
500010894916
500010894917
500010894929
500010894960
500010894971
500010894997
