500421985008
500421985010
500421985060
500421985245
500421985259
500421985314
500421985318
500421985329
500421985337
500421985341
500421985342
500421985344
500421985347
500421985352
500421985355
500421985359
500421985363
500421985365
500421985368
500421985370
500421985375
500421985382
500421985421
500421985454
500421985462
500421985540
500421985544
500421985563
500421985687
500421985706
500421985708
500421985715
500421985721
500421985782
500421985818
500421985821
500421985869
500421985887
500421985900
