500917940008
500917940021
500917940024
500917940038
500917940043
500917940051
500917940063
500917940077
500917940090
500917940094
500917940101
500917940159
500917940164
500917940291
500917940373
500917940407
500917940411
500917940417
500917940429
500917940496
500917940508
500917940527
500917940534
500917940535
500917940549
500917940566
500917940580
500917940634
500917940647
500917940650
500917940654
500917940662
500917940695
500917940698
500917940700
500917940742
500917940803
500917940817
500917940840
500917940909
500917940968
