500917989002
500917989016
500917989021
500917989024
500917989027
500917989028
500917989032
500917989094
500917989096
500917989099
500917989112
500917989226
500917989230
500917989252
500917989254
500917989255
500917989280
500917989290
500917989291
500917989293
500917989314
500917989350
500917989351
500917989356
500917989364
500917989387
500917989407
500917989417
500917989460
500917989498
500917989504
500917989521
500917989527
500917989533
500917989551
500917989606
500917989608
500917989609
500917989612
500917989633
500917989847
500917989852
500917989853
500917989859
500917989868
500917989885
500917989887
500917989890
500917989900
500917989925
500917989928
500917989929
500917989933
500917989945
