501075210073
501075210171
501075210212
501075210248
501075210543
501075210550
501075210610
501075210637
501075210639
501075210642
501075210648
501075210649
501075210651
501075210653
501075210654
501075210655
501075210660
501075210666
501075210670
501075210671
501075210673
501075210675
501075210679
501075210681
501075210686
501075210687
501075210689
501075210691
501075210693
501075210694
501075210696
501075210700
501075210701
501075210703
501075210706
501075210709
501075210712
501075210717
501075210719
501075210720
501075210721
501075210722
501075210728
501075210731
501075210734
501075210737
501075210740
501075210742
501075210743
501075210744
501075210748
501075210752
501075210755
501075210758
501075210759
501075210760
501075210762
501075210765
501075210782
501075210783
501075210784
501075210785
501075210786
501075210789
501075210871
501075210899
501075210974
501075210989
