501075477010
501075477049
501075477051
501075477053
501075477055
501075477057
501075477059
501075477068
501075477074
501075477078
501075477082
501075477087
501075477090
501075477094
501075477101
501075477107
501075477108
501075477124
501075477130
501075477145
501075477149
501075477158
501075477168
501075477173
501075477187
501075477205
501075477212
501075477216
501075477227
501075477238
501075477279
501075477302
501075477319
501075477324
501075477326
501075477330
501075477332
501075477338
501075477349
501075477356
501075477373
501075477379
501075477388
501075477392
501075477400
501075477412
501075477415
501075477419
501075477426
501075477431
501075477433
501075477435
501075477440
501075477445
501075477447
501075477450
501075477456
501075477462
501075477469
501075477477
501075477503
501075477507
501075477510
501075477522
501075477527
501075477529
501075477534
501075477537
501075477539
501075477542
501075477560
501075477576
501075477590
501075477595
501075477596
501075477598
501075477600
501075477602
501075477604
501075477606
501075477608
501075477610
501075477611
501075477613
501075477616
501075477662
501075477664
501075477665
501075477678
501075477684
501075477693
501075477697
501075477705
501075477711
501075477715
501075477723
501075477734
501075477738
501075477775
501075477895
501075477898
501075477934
501075477970
