501075657012
501075657099
501075657122
501075657224
501075657228
501075657234
501075657235
501075657236
501075657237
501075657239
501075657240
501075657285
501075657311
501075657313
501075657315
501075657316
501075657318
501075657320
501075657425
501075657464
501075657476
501075657484
501075657527
501075657533
501075657536
501075657540
501075657545
501075657547
501075657556
501075657617
501075657620
501075657632
501075657659
501075657693
501075657750
501075657760
501075657767
501075657790
501075657811
501075657814
501075657949
501075657970
501075657996
501075657998
