500992054005
500992054013
500992054016
500992054039
500992054091
500992054095
500992054126
500992054133
500992054155
500992054193
500992054208
500992054210
500992054211
500992054219
500992054238
500992054256
500992054326
500992054331
500992054333
500992054347
500992054372
500992054402
500992054403
500992054413
500992054421
500992054457
500992054458
500992054477
500992054479
500992054496
500992054529
500992054548
500992054579
500992054599
500992054639
500992054642
500992054656
500992054659
500992054667
500992054668
500992054676
500992054737
500992054848
500992054854
500992054869
500992054877
500992054879
500992054900
500992054926
500992054944
500992054960
500992054969
500992054005
500992054013
500992054016
500992054039
500992054091
500992054095
500992054126
500992054133
500992054155
500992054193
500992054208
500992054210
500992054211
500992054219
500992054238
500992054256
500992054326
500992054331
500992054333
500992054347
500992054372
500992054402
500992054403
500992054413
500992054421
500992054457
500992054458
500992054477
500992054479
500992054496
500992054529
500992054548
500992054579
500992054599
500992054639
500992054642
500992054656
500992054659
500992054667
500992054668
500992054676
500992054737
500992054848
500992054854
500992054869
500992054877
500992054879
500992054900
500992054926
500992054944
500992054960
500992054969
