500992284015
500992284030
500992284044
500992284053
500992284057
500992284060
500992284070
500992284082
500992284116
500992284129
500992284130
500992284131
500992284132
500992284137
500992284149
500992284169
500992284171
500992284196
500992284224
500992284229
500992284253
500992284257
500992284268
500992284277
500992284342
500992284343
500992284373
500992284375
500992284398
500992284424
500992284426
500992284429
500992284431
500992284484
500992284485
500992284486
500992284525
500992284531
500992284540
500992284547
500992284553
500992284559
500992284569
500992284589
500992284602
500992284607
500992284628
500992284632
500992284664
500992284781
500992284784
500992284791
500992284802
500992284835
500992284838
500992284853
500992284859
500992284888
500992284898
500992284936
500992284943
500992284959
500992284965
500992284981
500992284984
