500992428007
500992428010
500992428027
500992428030
500992428034
500992428040
500992428041
500992428049
500992428058
500992428065
500992428069
500992428071
500992428081
500992428085
500992428087
500992428089
500992428090
500992428094
500992428106
500992428115
500992428118
500992428161
500992428166
500992428174
500992428175
500992428178
500992428204
500992428205
500992428210
500992428218
500992428245
500992428246
500992428247
500992428250
500992428270
500992428272
500992428277
500992428300
500992428319
500992428324
500992428355
500992428363
500992428364
500992428367
500992428368
500992428373
500992428376
500992428386
500992428392
500992428400
500992428435
500992428439
500992428478
500992428484
500992428497
500992428528
500992428530
500992428549
500992428560
500992428563
500992428568
500992428569
500992428572
500992428579
500992428581
500992428589
500992428596
500992428601
500992428603
500992428613
500992428616
500992428620
500992428621
500992428632
500992428642
500992428649
500992428659
500992428671
500992428682
500992428683
500992428690
500992428694
500992428723
500992428731
500992428737
500992428741
500992428748
500992428765
500992428777
500992428778
500992428781
500992428784
500992428803
500992428809
500992428819
500992428832
500992428848
500992428853
500992428860
500992428863
500992428911
500992428930
500992428937
500992428940
500992428943
500992428956
500992428958
500992428962
500992428970
500992428982
500992428986
500992428987
