500992743000
500992743002
500992743003
500992743011
500992743013
500992743015
500992743017
500992743027
500992743033
500992743040
500992743048
500992743050
500992743053
500992743060
500992743066
500992743072
500992743074
500992743076
500992743081
500992743085
500992743088
500992743093
500992743100
500992743106
500992743120
500992743126
500992743130
500992743131
500992743134
500992743142
500992743150
500992743151
500992743159
500992743161
500992743162
500992743166
500992743168
500992743170
500992743180
500992743183
500992743201
500992743203
500992743205
500992743210
500992743227
500992743240
500992743246
500992743267
500992743271
500992743297
500992743299
500992743302
500992743320
500992743322
500992743326
500992743332
500992743334
500992743337
500992743339
500992743369
500992743374
500992743382
500992743390
500992743400
500992743403
500992743406
500992743412
500992743416
500992743417
500992743418
500992743426
500992743433
500992743434
500992743439
500992743441
500992743452
500992743463
500992743471
500992743485
500992743593
500992743599
500992743618
500992743644
500992743649
500992743651
500992743673
500992743691
500992743693
500992743700
500992743703
500992743713
500992743721
500992743722
500992743730
500992743732
500992743735
500992743744
500992743746
500992743748
500992743751
500992743763
500992743767
500992743774
500992743777
500992743786
500992743793
500992743805
500992743815
500992743822
500992743830
500992743833
500992743837
500992743840
500992743903
500992743922
500992743924
500992743925
500992743946
500992743949
500992743953
500992743956
500992743958
500992743961
500992743983
500992743989
500992743991
500992743000
500992743002
500992743003
500992743011
500992743013
500992743015
500992743017
500992743027
500992743033
500992743040
500992743048
500992743050
500992743053
500992743060
500992743066
500992743072
500992743074
500992743076
500992743081
500992743085
500992743088
500992743093
500992743100
500992743106
500992743120
500992743126
500992743130
500992743131
500992743134
500992743142
500992743150
500992743151
500992743159
500992743161
500992743162
500992743166
500992743168
500992743170
500992743180
500992743183
500992743201
500992743203
500992743205
500992743210
500992743227
500992743240
500992743246
500992743267
500992743271
500992743297
500992743299
500992743302
500992743320
500992743322
500992743326
500992743332
500992743334
500992743337
500992743339
500992743369
500992743374
500992743382
500992743390
500992743400
500992743403
500992743406
500992743412
500992743416
500992743417
500992743418
500992743426
500992743433
500992743434
500992743439
500992743441
500992743452
500992743463
500992743471
500992743485
500992743593
500992743599
500992743618
500992743644
500992743649
500992743651
500992743673
500992743691
500992743693
500992743700
500992743703
500992743713
500992743721
500992743722
500992743730
500992743732
500992743735
500992743744
500992743746
500992743748
500992743751
500992743763
500992743767
500992743774
500992743777
500992743786
500992743793
500992743805
500992743815
500992743822
500992743830
500992743833
500992743837
500992743840
500992743903
500992743922
500992743924
500992743925
500992743946
500992743949
500992743953
500992743956
500992743958
500992743961
500992743983
500992743989
500992743991
