500992822028
500992822043
500992822045
500992822058
500992822067
500992822078
500992822093
500992822095
500992822099
500992822118
500992822128
500992822146
500992822165
500992822166
500992822176
500992822206
500992822210
500992822212
500992822213
500992822266
500992822276
500992822279
500992822290
500992822293
500992822295
500992822312
500992822320
500992822335
500992822353
500992822355
500992822356
500992822358
500992822370
500992822374
500992822413
500992822453
500992822467
500992822488
500992822491
500992822494
500992822495
500992822500
500992822501
500992822506
500992822528
500992822549
500992822563
500992822565
500992822583
500992822589
500992822596
500992822599
500992822608
500992822626
500992822633
500992822649
500992822656
500992822662
500992822666
500992822667
500992822689
500992822701
500992822710
500992822727
500992822732
500992822742
500992822750
500992822759
500992822774
500992822783
500992822785
500992822788
500992822808
500992822810
500992822834
500992822838
500992822839
500992822848
500992822850
500992822858
500992822859
500992822869
500992822873
500992822879
500992822882
500992822893
500992822901
500992822922
500992822935
500992822940
500992822948
500992822950
500992822953
500992822971
500992822974
500992822992
