500894977083
500894977159
500894977177
500894977183
500894977191
500894977210
500894977247
500894977296
500894977318
500894977323
500894977327
500894977336
500894977370
500894977418
500894977465
500894977489
500894977496
500894977503
500894977512
500894977591
500894977595
500894977663
500894977783
500894977804
500894977809
500894977810
500894977818
500894977821
500894977827
500894977828
500894977830
500894977832
500894977833
500894977836
500894977867
500894977869
500894977904
500894977924
500894977951
500894977956
