500985211008
500985211011
500985211020
500985211043
500985211046
500985211083
500985211093
500985211095
500985211116
500985211121
500985211129
500985211130
500985211150
500985211160
500985211168
500985211169
500985211184
500985211191
500985211193
500985211227
500985211228
500985211237
500985211239
500985211285
500985211288
500985211291
500985211328
500985211340
500985211350
500985211366
500985211371
500985211377
500985211386
500985211388
500985211394
500985211423
500985211426
500985211436
500985211443
500985211463
500985211469
500985211470
500985211471
500985211473
500985211482
500985211493
500985211498
500985211507
500985211517
500985211519
500985211522
500985211541
500985211542
500985211544
500985211554
500985211557
500985211560
500985211572
500985211590
500985211594
500985211619
500985211627
500985211629
500985211646
500985211653
500985211654
500985211667
500985211670
500985211671
500985211674
500985211678
500985211693
500985211707
500985211710
500985211714
500985211718
500985211727
500985211730
500985211756
500985211761
500985211782
500985211789
500985211824
500985211826
500985211847
500985211854
500985211856
500985211860
500985211864
500985211913
500985211917
500985211920
500985211937
500985211980
500985211982
500985211984
500985211987
