500985329010
500985329028
500985329035
500985329044
500985329051
500985329058
500985329060
500985329067
500985329078
500985329079
500985329091
500985329103
500985329124
500985329158
500985329170
500985329176
500985329179
500985329183
500985329186
500985329190
500985329225
500985329240
500985329260
500985329276
500985329296
500985329312
500985329313
500985329319
500985329362
500985329380
500985329385
500985329388
500985329391
500985329417
500985329427
500985329428
500985329446
500985329449
500985329451
500985329459
500985329549
500985329561
500985329578
500985329582
500985329599
500985329602
500985329611
500985329615
500985329617
500985329619
500985329628
500985329659
500985329671
500985329684
500985329686
500985329690
500985329699
500985329707
500985329716
500985329721
500985329752
500985329753
500985329756
500985329759
500985329767
500985329770
500985329781
500985329795
500985329799
500985329801
500985329820
500985329829
500985329831
500985329833
500985329848
500985329859
500985329864
500985329885
500985329911
500985329949
500985329952
500985329973
500985329975
500985329977
500985329993
500985329998
