500985350027
500985350029
500985350038
500985350062
500985350066
500985350112
500985350116
500985350124
500985350131
500985350132
500985350136
500985350142
500985350159
500985350160
500985350162
500985350163
500985350171
500985350174
500985350184
500985350187
500985350197
500985350206
500985350223
500985350226
500985350235
500985350243
500985350250
500985350252
500985350259
500985350284
500985350292
500985350308
500985350316
500985350319
500985350322
500985350329
500985350334
500985350343
500985350346
500985350349
500985350353
500985350357
500985350363
500985350366
500985350371
500985350374
500985350376
500985350380
500985350383
500985350392
500985350425
500985350427
500985350430
500985350437
500985350459
500985350463
500985350472
500985350482
500985350489
500985350498
500985350506
500985350513
500985350534
500985350540
500985350542
500985350551
500985350553
500985350561
500985350563
500985350565
500985350608
500985350610
500985350622
500985350640
500985350641
500985350647
500985350673
500985350677
500985350681
500985350709
500985350725
500985350728
500985350735
500985350737
500985350764
500985350768
500985350783
500985350791
500985350796
500985350797
500985350799
500985350801
500985350810
500985350829
500985350839
500985350842
500985350847
500985350854
500985350858
500985350863
500985350876
500985350878
500985350889
500985350897
500985350904
500985350909
500985350910
500985350911
500985350916
500985350918
500985350930
500985350933
500985350944
500985350952
500985350964
500985350966
500985350983
500985350987
