500985356018
500985356021
500985356026
500985356039
500985356044
500985356050
500985356051
500985356055
500985356065
500985356071
500985356077
500985356079
500985356081
500985356099
500985356109
500985356115
500985356123
500985356129
500985356131
500985356136
500985356149
500985356152
500985356155
500985356165
500985356168
500985356169
500985356178
500985356188
500985356193
500985356198
500985356199
500985356201
500985356222
500985356226
500985356227
500985356232
500985356269
500985356271
500985356277
500985356278
500985356284
500985356287
500985356290
500985356297
500985356300
500985356301
500985356317
500985356324
500985356332
500985356335
500985356337
500985356339
500985356350
500985356351
500985356353
500985356361
500985356375
500985356407
500985356411
500985356416
500985356424
500985356433
500985356454
500985356476
500985356478
500985356486
500985356502
500985356506
500985356509
500985356547
500985356562
500985356563
500985356569
500985356572
500985356578
500985356588
500985356593
500985356602
500985356605
500985356607
500985356615
500985356616
500985356619
500985356632
500985356637
500985356639
500985356640
500985356641
500985356643
500985356655
500985356664
500985356666
500985356679
500985356690
500985356696
500985356698
500985356706
500985356707
500985356709
500985356716
500985356717
500985356736
500985356749
500985356757
500985356773
500985356778
500985356818
500985356819
500985356823
500985356854
500985356881
500985356883
500985356893
500985356898
500985356910
500985356912
500985356917
500985356930
500985356932
500985356935
500985356959
500985356964
500985356998
