500985377016
500985377020
500985377027
500985377070
500985377072
500985377075
500985377076
500985377100
500985377102
500985377107
500985377108
500985377109
500985377197
500985377203
500985377222
500985377224
500985377230
500985377243
500985377282
500985377326
500985377330
500985377333
500985377355
500985377366
500985377392
500985377394
500985377422
500985377440
500985377445
500985377446
500985377449
500985377507
500985377519
500985377534
500985377538
500985377549
500985377562
500985377587
500985377604
500985377606
500985377615
500985377627
500985377666
500985377670
500985377671
500985377672
500985377679
500985377681
500985377689
500985377710
500985377713
500985377715
500985377720
500985377721
500985377724
500985377735
500985377745
500985377750
500985377761
500985377780
500985377796
500985377803
500985377842
500985377844
500985377854
500985377856
500985377857
500985377858
500985377860
500985377871
500985377892
500985377907
500985377927
500985377935
500985377949
500985377951
500985377956
500985377981
500985377995
