500985409008
500985409011
500985409029
500985409035
500985409041
500985409094
500985409108
500985409109
500985409116
500985409125
500985409139
500985409148
500985409160
500985409169
500985409180
500985409182
500985409188
500985409193
500985409205
500985409206
500985409209
500985409213
500985409214
500985409216
500985409237
500985409241
500985409245
500985409261
500985409265
500985409268
500985409273
500985409278
500985409280
500985409282
500985409284
500985409285
500985409287
500985409288
500985409293
500985409296
500985409302
500985409334
500985409361
500985409377
500985409387
500985409391
500985409408
500985409417
500985409431
500985409433
500985409435
500985409445
500985409447
500985409449
500985409451
500985409466
500985409476
500985409480
500985409485
500985409497
500985409502
500985409505
500985409514
500985409524
500985409535
500985409538
500985409550
500985409551
500985409552
500985409568
500985409571
500985409573
500985409579
500985409581
500985409582
500985409589
500985409606
500985409617
500985409619
500985409621
500985409625
500985409628
500985409632
500985409642
500985409644
500985409651
500985409658
500985409667
500985409673
500985409676
500985409697
500985409698
500985409709
500985409733
500985409734
500985409736
500985409743
500985409811
500985409824
500985409827
500985409872
500985409873
500985409877
500985409879
500985409902
500985409911
500985409936
500985409938
