500985469007
500985469008
500985469010
500985469015
500985469019
500985469020
500985469025
500985469030
500985469045
500985469046
500985469049
500985469050
500985469102
500985469104
500985469107
500985469114
500985469123
500985469129
500985469144
500985469157
500985469174
500985469178
500985469180
500985469184
500985469186
500985469195
500985469229
500985469233
500985469235
500985469243
500985469254
500985469267
500985469283
500985469287
500985469295
500985469299
500985469307
500985469311
500985469316
500985469330
500985469337
500985469343
500985469345
500985469346
500985469359
500985469379
500985469380
500985469389
500985469396
500985469406
500985469408
500985469417
500985469427
500985469433
500985469454
500985469466
500985469500
500985469501
500985469503
500985469504
500985469505
500985469528
500985469530
500985469534
500985469539
500985469541
500985469575
500985469589
500985469608
500985469648
500985469652
500985469684
500985469690
500985469693
500985469697
500985469699
500985469730
500985469733
500985469780
500985469798
500985469806
500985469811
500985469825
500985469852
500985469856
500985469857
500985469898
500985469900
500985469904
500985469906
500985469926
500985469939
500985469943
500985469945
500985469965
500985469970
500985469985
500985469995
