500985561020
500985561024
500985561033
500985561057
500985561070
500985561076
500985561103
500985561116
500985561126
500985561146
500985561152
500985561154
500985561161
500985561169
500985561179
500985561206
500985561215
500985561226
500985561227
500985561230
500985561236
500985561244
500985561257
500985561281
500985561287
500985561292
500985561349
500985561374
500985561388
500985561401
500985561403
500985561404
500985561435
500985561460
500985561463
500985561476
500985561487
500985561503
500985561521
500985561523
500985561528
500985561543
500985561553
500985561558
500985561569
500985561570
500985561574
500985561586
500985561588
500985561594
500985561605
500985561608
500985561612
500985561622
500985561631
500985561655
500985561660
500985561673
500985561675
500985561677
500985561694
500985561706
500985561718
500985561730
500985561732
500985561735
500985561739
500985561744
500985561746
500985561758
500985561760
500985561762
500985561765
500985561768
500985561770
500985561787
500985561788
500985561790
500985561798
500985561799
500985561800
500985561801
500985561828
500985561839
500985561841
500985561868
500985561876
500985561878
500985561880
500985561884
500985561890
500985561891
500985561898
500985561901
500985561904
500985561908
500985561910
500985561923
500985561930
500985561931
500985561937
500985561940
500985561949
500985561951
500985561954
500985561965
500985561967
500985561972
500985561985
500985561986
500985561988
500985561995
