500985798028
500985798040
500985798045
500985798046
500985798051
500985798061
500985798068
500985798069
500985798078
500985798086
500985798103
500985798105
500985798109
500985798142
500985798145
500985798179
500985798226
500985798235
500985798261
500985798265
500985798267
500985798281
500985798283
500985798373
500985798374
500985798375
500985798382
500985798392
500985798396
500985798405
500985798406
500985798425
500985798435
500985798449
500985798452
500985798513
500985798543
500985798550
500985798559
500985798577
500985798583
500985798608
500985798618
500985798625
500985798644
500985798678
500985798679
500985798680
500985798705
500985798708
500985798731
500985798751
500985798755
500985798769
500985798788
500985798832
500985798834
500985798853
500985798867
500985798874
500985798905
500985798947
500985798957
500985798962
500985798967
500985798969
500985798984
500985798997
