500985823009
500985823034
500985823035
500985823059
500985823060
500985823067
500985823082
500985823105
500985823123
500985823132
500985823135
500985823136
500985823138
500985823144
500985823146
500985823270
500985823273
500985823277
500985823296
500985823298
500985823325
500985823327
500985823337
500985823346
500985823355
500985823385
500985823387
500985823391
500985823396
500985823406
500985823408
500985823417
500985823423
500985823428
500985823429
500985823435
500985823438
500985823440
500985823449
500985823451
500985823452
500985823456
500985823458
500985823461
500985823463
500985823481
500985823484
500985823491
500985823492
500985823494
500985823499
500985823523
500985823540
500985823545
500985823546
500985823549
500985823550
500985823552
500985823555
500985823571
500985823573
500985823581
500985823582
500985823585
500985823592
500985823601
500985823608
500985823636
500985823672
500985823689
500985823693
500985823694
500985823708
500985823710
500985823724
500985823730
500985823733
500985823741
500985823742
500985823744
500985823802
500985823822
500985823875
500985823885
500985823921
500985823941
500985823942
500985823948
500985823959
500985823967
500985823969
500985823981
500985823988
