500985912055
500985912251
500985912262
500985912295
500985912423
500985912436
500985912444
500985912454
500985912455
500985912509
500985912516
500985912517
500985912529
500985912537
500985912544
500985912562
500985912570
500985912589
500985912591
500985912593
500985912595
500985912610
500985912614
500985912619
500985912625
500985912627
500985912642
500985912644
500985912653
500985912675
500985912687
500985912699
500985912723
500985912768
500985912773
500985912790
500985912801
500985912806
500985912810
500985912825
500985912829
500985912833
500985912834
500985912835
500985912843
500985912849
500985912866
500985912872
500985912882
500985912885
500985912888
500985912906
500985912942
500985912948
500985912950
500985912956
500985912959
500985912962
500985912963
500985912972
500985912974
500985912975
500985912984
500985912991
500985912992
500985912996
