501076319050
501076319135
501076319140
501076319209
501076319259
501076319309
501076319311
501076319313
501076319318
501076319319
501076319323
501076319327
501076319351
501076319353
501076319356
501076319371
501076319374
501076319380
501076319384
501076319415
501076319431
501076319439
501076319445
501076319450
501076319456
501076319518
501076319529
501076319532
501076319534
501076319711
501076319714
501076319748
501076319761
501076319798
501076319831
501076319835
501076319836
501076319839
501076319849
501076319852
501076319855
501076319856
501076319857
501076319861
501076319864
501076319880
501076319957
501076319970
501076319974
