501015270008
501015270019
501015270035
501015270046
501015270077
501015270080
501015270117
501015270125
501015270138
501015270145
501015270147
501015270148
501015270162
501015270169
501015270180
501015270181
501015270215
501015270219
501015270220
501015270228
501015270237
501015270269
501015270285
501015270299
501015270313
501015270333
501015270334
501015270335
501015270349
501015270364
501015270390
501015270391
501015270441
501015270472
501015270478
501015270479
501015270481
501015270505
501015270507
501015270531
501015270535
501015270559
501015270562
501015270616
501015270659
501015270661
501015270663
501015270665
501015270684
501015270694
501015270741
501015270761
501015270763
501015270766
501015270772
501015270773
501015270803
501015270822
501015270823
501015270825
501015270826
501015270879
501015270886
501015270889
501015270907
501015270920
501015270923
501015270940
501015270961
501015270963
501015270993
501015270999
