501015387000
501015387004
501015387013
501015387014
501015387034
501015387035
501015387042
501015387047
501015387049
501015387052
501015387059
501015387076
501015387088
501015387105
501015387114
501015387124
501015387130
501015387160
501015387169
501015387179
501015387180
501015387190
501015387192
501015387200
501015387201
501015387219
501015387226
501015387231
501015387233
501015387236
501015387238
501015387241
501015387248
501015387252
501015387261
501015387423
501015387448
501015387450
501015387486
501015387507
501015387515
501015387546
501015387560
501015387576
501015387578
501015387586
501015387603
501015387607
501015387620
501015387629
501015387634
501015387657
501015387694
501015387695
501015387699
501015387710
501015387712
501015387735
501015387770
501015387785
501015387791
501015387793
501015387847
501015387883
501015387902
501015387907
501015387912
501015387915
501015387953
501015387963
501015387985
