501015536021
501015536038
501015536042
501015536048
501015536058
501015536062
501015536068
501015536070
501015536073
501015536084
501015536095
501015536119
501015536137
501015536151
501015536173
501015536176
501015536199
501015536201
501015536212
501015536213
501015536215
501015536217
501015536218
501015536219
501015536246
501015536251
501015536253
501015536256
501015536264
501015536270
501015536288
501015536321
501015536326
501015536331
501015536345
501015536347
501015536354
501015536363
501015536375
501015536384
501015536397
501015536438
501015536473
501015536476
501015536493
501015536510
501015536545
501015536547
501015536550
501015536557
501015536561
501015536562
501015536569
501015536587
501015536595
501015536612
501015536617
501015536629
501015536633
501015536635
501015536657
501015536662
501015536684
501015536717
501015536718
501015536719
501015536724
501015536729
501015536737
501015536760
501015536770
501015536779
501015536797
501015536811
501015536826
501015536877
501015536886
501015536913
501015536917
501015536922
501015536949
501015536961
501015536967
501015536970
501015536998
