501015805037
501015805069
501015805087
501015805091
501015805095
501015805101
501015805104
501015805109
501015805122
501015805129
501015805142
501015805146
501015805148
501015805154
501015805156
501015805172
501015805186
501015805188
501015805203
501015805212
501015805216
501015805218
501015805221
501015805234
501015805235
501015805237
501015805241
501015805243
501015805266
501015805268
501015805289
501015805294
501015805305
501015805306
501015805312
501015805329
501015805332
501015805335
501015805336
501015805349
501015805365
501015805374
501015805390
501015805409
501015805413
501015805431
501015805437
501015805445
501015805463
501015805478
501015805484
501015805492
501015805526
501015805546
501015805577
501015805581
501015805618
501015805646
501015805653
501015805657
501015805659
501015805661
501015805662
501015805665
501015805668
501015805679
501015805683
501015805685
501015805689
501015805695
501015805706
501015805721
501015805723
501015805729
501015805764
501015805765
501015805771
501015805779
501015805786
501015805788
501015805808
501015805820
501015805829
501015805835
501015805854
501015805856
501015805875
501015805881
501015805884
501015805886
501015805891
501015805909
501015805915
501015805917
501015805953
501015805957
501015805973
501015805974
501015805982
501015805985
501015805991
