501044127009
501044127014
501044127022
501044127040
501044127042
501044127058
501044127062
501044127093
501044127096
501044127142
501044127149
501044127157
501044127161
501044127192
501044127200
501044127231
501044127253
501044127286
501044127310
501044127313
501044127341
501044127349
501044127378
501044127381
501044127391
501044127417
501044127419
501044127428
501044127469
501044127472
501044127497
501044127586
501044127612
501044127684
501044127689
501044127702
501044127733
501044127779
501044127834
501044127836
501044127877
501044127892
501044127944
501044127999
