501044139017
501044139060
501044139070
501044139095
501044139129
501044139141
501044139160
501044139164
501044139165
501044139167
501044139174
501044139204
501044139208
501044139255
501044139281
501044139286
501044139287
501044139291
501044139293
501044139294
501044139298
501044139300
501044139332
501044139340
501044139344
501044139498
501044139519
501044139551
501044139557
501044139612
501044139657
501044139754
501044139755
501044139757
501044139761
501044139763
501044139776
501044139790
501044139794
501044139797
501044139801
501044139812
501044139817
501044139872
501044139878
501044139885
501044139901
501044139926
501044139939
501044139955
501044139960
