501044183029
501044183042
501044183087
501044183106
501044183122
501044183137
501044183166
501044183167
501044183178
501044183208
501044183212
501044183215
501044183218
501044183222
501044183226
501044183229
501044183231
501044183234
501044183238
501044183239
501044183245
501044183248
501044183255
501044183264
501044183274
501044183296
501044183298
501044183305
501044183311
501044183370
501044183392
501044183476
501044183504
501044183505
501044183564
501044183623
501044183668
501044183683
501044183750
501044183762
501044183823
501044183837
501044183843
501044183886
501044183908
501044183921
501044183979
501044183985
