501044379001
501044379014
501044379019
501044379029
501044379041
501044379042
501044379057
501044379072
501044379073
501044379100
501044379102
501044379104
501044379164
501044379167
501044379178
501044379224
501044379308
501044379329
501044379349
501044379350
501044379354
501044379358
501044379359
501044379360
501044379361
501044379363
501044379364
501044379365
501044379366
501044379368
501044379387
501044379426
501044379454
501044379486
501044379503
501044379514
501044379550
501044379551
501044379654
501044379664
501044379690
501044379768
501044379788
501044379789
501044379856
501044379858
501044379859
501044379860
501044379861
501044379862
501044379863
501044379864
501044379869
501044379886
501044379900
501044379901
501044379905
501044379925
501044379935
501044379988
501044379999
