501044431009
501044431015
501044431119
501044431136
501044431137
501044431161
501044431164
501044431203
501044431205
501044431257
501044431274
501044431280
501044431288
501044431309
501044431339
501044431353
501044431369
501044431414
501044431416
501044431417
501044431435
501044431445
501044431467
501044431469
501044431471
501044431538
501044431539
501044431552
501044431554
501044431557
501044431561
501044431564
501044431571
501044431615
501044431740
501044431837
501044431883
501044431891
501044431899
501044431900
501044431907
501044431927
501044431929
501044431940
501044431948
501044431980
501044431989
