501044466017
501044466025
501044466027
501044466028
501044466029
501044466076
501044466080
501044466082
501044466124
501044466139
501044466153
501044466160
501044466169
501044466200
501044466253
501044466259
501044466271
501044466275
501044466281
501044466295
501044466309
501044466352
501044466392
501044466393
501044466399
501044466415
501044466424
501044466425
501044466444
501044466478
501044466504
501044466506
501044466543
501044466549
501044466566
501044466569
501044466586
501044466638
501044466639
501044466643
501044466659
501044466661
501044466664
501044466673
501044466683
501044466725
501044466779
501044466785
501044466790
501044466817
501044466826
501044466858
501044466867
501044466877
501044466880
501044466882
501044466893
501044466897
501044466906
501044466941
501044466949
501044466950
501044466952
501044466957
501044466958
501044466960
501044466961
