501044487000
501044487019
501044487026
501044487034
501044487042
501044487055
501044487058
501044487064
501044487140
501044487171
501044487173
501044487190
501044487192
501044487239
501044487246
501044487259
501044487265
501044487266
501044487274
501044487276
501044487290
501044487339
501044487354
501044487379
501044487389
501044487395
501044487401
501044487406
501044487414
501044487437
501044487534
501044487578
501044487584
501044487586
501044487607
501044487620
501044487647
501044487654
501044487689
501044487695
501044487697
501044487722
501044487723
501044487727
501044487750
501044487820
501044487830
501044487833
501044487847
501044487848
501044487883
501044487884
501044487888
501044487896
501044487903
501044487906
501044487912
501044487949
501044487957
501044487973
