501044636004
501044636011
501044636019
501044636049
501044636055
501044636062
501044636075
501044636085
501044636086
501044636089
501044636090
501044636091
501044636092
501044636094
501044636100
501044636102
501044636104
501044636105
501044636107
501044636125
501044636128
501044636148
501044636166
501044636168
501044636170
501044636171
501044636172
501044636177
501044636178
501044636180
501044636183
501044636265
501044636266
501044636268
501044636271
501044636276
501044636315
501044636328
501044636344
501044636377
501044636387
501044636409
501044636425
501044636461
501044636515
501044636516
501044636632
501044636666
501044636674
501044636691
501044636718
501044636719
501044636725
501044636753
501044636766
501044636779
501044636875
501044636895
501044636916
501044636921
501044636929
501044636930
501044636934
501044636942
501044636954
501044636959
501044636961
501044636974
501044636981
501044636987
501044636994
501044636997
501044636999
