501044862017
501044862020
501044862022
501044862025
501044862034
501044862044
501044862047
501044862072
501044862077
501044862087
501044862092
501044862121
501044862155
501044862157
501044862159
501044862236
501044862254
501044862280
501044862321
501044862341
501044862346
501044862352
501044862368
501044862374
501044862400
501044862411
501044862448
501044862465
501044862479
501044862481
501044862513
501044862514
501044862516
501044862518
501044862529
501044862537
501044862576
501044862586
501044862592
501044862593
501044862594
501044862596
501044862604
501044862606
501044862618
501044862628
501044862647
501044862682
501044862730
501044862734
501044862737
501044862739
501044862746
501044862754
501044862758
501044862803
501044862805
501044862808
501044862845
501044862846
501044862861
501044862869
501044862874
501044862877
501044862900
501044862912
501044862917
501044862919
501044862948
501044862969
501044862982
