501044901021
501044901026
501044901030
501044901041
501044901043
501044901071
501044901080
501044901089
501044901097
501044901119
501044901146
501044901166
501044901180
501044901244
501044901272
501044901306
501044901316
501044901327
501044901374
501044901400
501044901406
501044901438
501044901441
501044901535
501044901536
501044901580
501044901599
501044901671
501044901715
501044901728
501044901759
501044901815
501044901816
501044901818
501044901820
501044901822
501044901886
501044901889
501044901922
501044901958
501044901981
501044901985
501044901990
