500967271015
500967271054
500967271055
500967271057
500967271071
500967271075
500967271094
500967271096
500967271106
500967271109
500967271111
500967271113
500967271122
500967271124
500967271141
500967271161
500967271162
500967271168
500967271176
500967271184
500967271208
500967271216
500967271218
500967271241
500967271243
500967271250
500967271276
500967271278
500967271297
500967271313
500967271323
500967271341
500967271344
500967271358
500967271359
500967271361
500967271366
500967271368
500967271382
500967271383
500967271422
500967271433
500967271435
500967271445
500967271467
500967271494
500967271501
500967271505
500967271515
500967271517
500967271522
500967271525
500967271546
500967271554
500967271557
500967271560
500967271562
500967271579
500967271586
500967271588
500967271596
500967271611
500967271663
500967271685
500967271690
500967271691
500967271697
500967271701
500967271704
500967271712
500967271713
500967271722
500967271769
500967271779
500967271784
500967271790
500967271816
500967271858
500967271876
500967271880
500967271883
500967271893
500967271900
500967271910
500967271919
500967271923
500967271928
500967271937
500967271992
