500967325022
500967325024
500967325027
500967325035
500967325049
500967325087
500967325122
500967325134
500967325135
500967325215
500967325232
500967325245
500967325253
500967325264
500967325266
500967325268
500967325314
500967325340
500967325363
500967325392
500967325407
500967325414
500967325423
500967325433
500967325438
500967325442
500967325464
500967325471
500967325501
500967325512
500967325547
500967325574
500967325585
500967325595
500967325597
500967325609
500967325615
500967325621
500967325622
500967325667
500967325669
500967325681
500967325682
500967325685
500967325703
500967325712
500967325736
500967325738
500967325767
500967325771
500967325774
500967325789
500967325792
500967325829
500967325858
500967325867
500967325868
500967325872
500967325875
500967325884
500967325893
500967325911
500967325913
500967325976
500967325977
500967325984
500967325986
