500967326000
500967326002
500967326004
500967326006
500967326018
500967326034
500967326068
500967326071
500967326072
500967326085
500967326090
500967326124
500967326131
500967326136
500967326140
500967326154
500967326177
500967326179
500967326187
500967326190
500967326191
500967326194
500967326215
500967326249
500967326258
500967326269
500967326274
500967326277
500967326303
500967326307
500967326318
500967326320
500967326838
500967326839
500967326847
500967326855
500967326884
500967326886
500967326904
500967326914
500967326921
500967326947
500967326950
500967326955
500967326957
500967326981
