500967897008
500967897034
500967897104
500967897152
500967897157
500967897171
500967897227
500967897232
500967897246
500967897249
500967897290
500967897323
500967897349
500967897368
500967897436
500967897495
500967897504
500967897541
500967897548
500967897616
500967897650
500967897695
500967897756
500967897758
500967897760
500967897763
500967897809
500967897818
500967897823
500967897832
500967897837
500967897844
500967897846
500967897849
500967897852
500967897881
500967897887
500967897891
500967897912
500967897941
500967897992
