500967944001
500967944063
500967944069
500967944078
500967944082
500967944083
500967944086
500967944089
500967944096
500967944099
500967944103
500967944107
500967944115
500967944124
500967944127
500967944160
500967944213
500967944224
500967944229
500967944234
500967944267
500967944311
500967944330
500967944353
500967944389
500967944537
500967944597
500967944602
500967944603
500967944606
500967944615
500967944626
500967944651
500967944667
500967944699
500967944701
500967944703
500967944713
500967944751
500967944820
500967944843
500967944857
500967944858
500967944912
500967944921
500967944971
