501103403049
501103403058
501103403090
501103403307
501103403309
501103403385
501103403509
501103403511
501103403512
501103403513
501103403515
501103403517
501103403519
501103403520
501103403522
501103403524
501103403525
501103403526
501103403527
501103403529
501103403531
501103403532
501103403536
501103403543
501103403589
501103403633
501103403647
501103403654
501103403756
501103403779
501103403785
501103403786
501103403787
501103403788
501103403790
501103403792
501103403891
501103403971
501103403984
501103403991
501103403993
