501103713009
501103713236
501103713324
501103713325
501103713340
501103713341
501103713346
501103713349
501103713548
501103713664
501103713715
501103713733
501103713735
501103713745
501103713749
501103713756
501103713761
501103713763
501103713765
501103713767
501103713768
501103713770
501103713775
501103713776
501103713778
501103713814
501103713817
501103713825
501103713842
501103713850
501103713858
501103713879
501103713897
501103713913
501103713933
501103713953
501103713959
501103713983
501103713989
501103713993
