500931736004
500931736017
500931736025
500931736027
500931736053
500931736059
500931736076
500931736117
500931736126
500931736128
500931736194
500931736208
500931736231
500931736232
500931736235
500931736238
500931736244
500931736247
500931736257
500931736260
500931736267
500931736294
500931736296
500931736305
500931736314
500931736316
500931736826
500931736836
500931736843
500931736847
500931736849
500931736853
500931736856
500931736884
500931736886
500931736889
500931736901
500931736906
500931736914
500931736916
500931736919
500931736934
500931736943
500931736952
500931736969
500931736980
