501060827107
501060827109
501060827110
501060827113
501060827116
501060827130
501060827134
501060827143
501060827146
501060827148
501060827166
501060827204
501060827242
501060827250
501060827265
501060827283
501060827290
501060827308
501060827319
501060827331
501060827340
501060827345
501060827374
501060827386
501060827408
501060827426
501060827431
501060827440
501060827445
501060827448
501060827483
501060827538
501060827539
501060827541
501060827542
501060827545
501060827579
501060827586
501060827594
501060827697
501060827762
501060827763
501060827766
501060827769
501060827772
501060827774
501060827776
501060827778
501060827782
