500944842001
500944842002
500944842006
500944842008
500944842020
500944842024
500944842028
500944842038
500944842048
500944842052
500944842062
500944842071
500944842088
500944842109
500944842112
500944842118
500944842119
500944842124
500944842130
500944842139
500944842143
500944842146
500944842164
500944842195
500944842201
500944842211
500944842212
500944842214
500944842238
500944842249
500944842274
500944842302
500944842308
500944842309
500944842312
500944842318
500944842319
500944842826
500944842831
500944842883
500944842925
500944842926
500944842940
500944842979
500944842986
