500944997325
500944997340
500944997359
500944997373
500944997393
500944997400
500944997402
500944997406
500944997408
500944997415
500944997421
500944997432
500944997463
500944997473
500944997486
500944997490
500944997510
500944997518
500944997521
500944997526
500944997562
500944997564
500944997584
500944997595
500944997614
500944997615
500944997617
500944997640
500944997646
500944997652
500944997661
500944997709
500944997711
500944997712
500944997713
500944997715
500944997719
500944997736
500944997747
500944997749
500944997752
500944997762
500944997763
500944997765
500944997768
500944997771
500944997779
500944997782
500944997785
500944997787
500944997802
500944997812
500944997816
