500949224004
500949224007
500949224015
500949224017
500949224025
500949224027
500949224038
500949224042
500949224048
500949224051
500949224055
500949224057
500949224064
500949224072
500949224082
500949224087
500949224096
500949224098
500949224125
500949224132
500949224137
500949224140
500949224142
500949224157
500949224158
500949224172
500949224173
500949224189
500949224194
500949224199
500949224203
500949224204
500949224207
500949224208
500949224210
500949224212
500949224275
500949224276
500949224286
500949224289
500949224290
500949224296
500949224298
500949224304
500949224305
500949224332
500949224334
500949224338
500949224339
500949224350
500949224362
500949224368
500949224369
500949224387
500949224390
500949224399
500949224407
500949224422
500949224425
500949224426
500949224428
500949224460
500949224462
500949224465
500949224467
500949224470
500949224472
500949224475
500949224481
500949224486
500949224492
500949224496
500949224503
500949224513
500949224517
500949224519
500949224529
500949224533
500949224535
500949224543
500949224551
500949224554
500949224555
500949224556
500949224561
500949224575
500949224577
500949224586
500949224588
500949224590
500949224602
500949224609
500949224623
500949224626
500949224639
500949224643
500949224656
500949224664
500949224667
500949224677
500949224688
500949224701
500949224724
500949224726
500949224729
500949224731
500949224733
500949224743
500949224748
500949224751
500949224753
500949224764
500949224767
500949224772
500949224773
500949224775
500949224780
500949224789
500949224795
500949224808
500949224819
500949224831
500949224834
500949224838
500949224841
500949224844
500949224845
500949224852
500949224859
500949224863
500949224868
500949224879
500949224882
500949224884
500949224901
500949224911
500949224926
500949224929
500949224931
500949224937
500949224943
500949224949
500949224955
500949224960
500949224967
500949224996
