500949447011
500949447017
500949447019
500949447038
500949447041
500949447043
500949447051
500949447054
500949447059
500949447070
500949447072
500949447078
500949447083
500949447085
500949447098
500949447113
500949447133
500949447140
500949447152
500949447158
500949447159
500949447160
500949447162
500949447172
500949447174
500949447181
500949447190
500949447200
500949447201
500949447218
500949447223
500949447225
500949447233
500949447249
500949447264
500949447268
500949447272
500949447282
500949447283
500949447285
500949447288
500949447315
