500949467015
500949467016
500949467022
500949467030
500949467038
500949467043
500949467047
500949467059
500949467069
500949467071
500949467074
500949467090
500949467094
500949467099
500949467101
500949467113
500949467126
500949467128
500949467150
500949467152
500949467154
500949467169
500949467171
500949467176
500949467181
500949467183
500949467187
500949467189
500949467196
500949467198
500949467201
500949467207
500949467210
500949467215
500949467225
500949467226
500949467242
500949467244
500949467265
500949467267
500949467305
500949467310
500949467317
500949467354
500949467364
500949467369
500949467373
500949467387
500949467394
500949467402
500949467420
500949467421
500949467437
500949467440
500949467458
500949467465
500949467473
500949467480
500949467482
500949467485
500949467489
500949467506
500949467513
500949467514
500949467518
500949467520
500949467532
500949467545
500949467547
500949467550
500949467558
500949467566
500949467569
500949467591
500949467600
500949467607
500949467611
500949467612
500949467616
500949467620
500949467627
500949467663
500949467689
500949467701
500949467703
500949467705
500949467707
500949467709
500949467714
500949467716
500949467720
500949467722
500949467723
500949467740
500949467744
500949467747
500949467761
500949467764
500949467783
500949467784
500949467787
500949467789
500949467800
500949467814
500949467820
500949467827
500949467830
500949467834
500949467848
500949467854
500949467867
500949467889
500949467891
500949467901
500949467906
500949467908
500949467910
500949467924
500949467925
500949467929
500949467948
500949467956
500949467962
500949467965
500949467966
500949467981
