500949763001
500949763007
500949763015
500949763022
500949763035
500949763063
500949763086
500949763093
500949763100
500949763106
500949763107
500949763113
500949763117
500949763121
500949763123
500949763124
500949763125
500949763134
500949763139
500949763141
500949763144
500949763167
500949763176
500949763187
500949763198
500949763202
500949763210
500949763212
500949763243
500949763253
500949763260
500949763262
500949763273
500949763283
500949763285
500949763287
500949763292
500949763296
500949763301
500949763309
500949763311
500949763342
500949763350
500949763354
500949763359
500949763365
500949763372
500949763375
500949763386
500949763391
500949763399
500949763404
500949763406
500949763412
500949763416
500949763417
500949763419
500949763421
500949763437
500949763438
500949763440
500949763443
500949763445
500949763449
500949763450
500949763452
500949763460
500949763463
500949763479
500949763486
500949763495
500949763518
500949763530
500949763553
500949763560
500949763582
500949763586
500949763594
500949763610
500949763612
500949763633
500949763636
500949763638
500949763645
500949763658
500949763659
500949763661
500949763664
500949763668
500949763688
500949763695
500949763701
500949763705
500949763709
500949763733
500949763738
500949763743
500949763747
500949763748
500949763749
500949763750
500949763772
500949763776
500949763780
500949763782
500949763785
500949763788
