500949924004
500949924007
500949924010
500949924015
500949924020
500949924052
500949924057
500949924072
500949924074
500949924077
500949924078
500949924084
500949924085
500949924089
500949924091
500949924095
500949924096
500949924109
500949924117
500949924126
500949924132
500949924135
500949924138
500949924173
500949924176
500949924180
500949924181
500949924183
500949924185
500949924189
500949924191
500949924207
500949924209
500949924211
500949924234
500949924242
500949924245
500949924253
500949924260
500949924271
500949924276
500949924315
500949924318
500949924823
500949924826
500949924827
500949924832
500949924843
500949924844
500949924859
500949924863
500949924867
500949924882
500949924893
500949924912
500949924913
500949924919
500949924925
500949924933
500949924946
500949924949
500949924954
500949924962
500949924974
500949924982
500949924985
500949924998
