500949974005
500949974007
500949974014
500949974016
500949974021
500949974035
500949974037
500949974041
500949974043
500949974046
500949974057
500949974062
500949974072
500949974076
500949974088
500949974105
500949974107
500949974109
500949974110
500949974113
500949974117
500949974119
500949974122
500949974124
500949974153
500949974156
500949974160
500949974180
500949974182
500949974184
500949974193
500949974195
500949974196
500949974198
500949974202
500949974203
500949974205
500949974207
500949974222
500949974225
500949974227
500949974228
500949974232
500949974236
500949974239
500949974243
500949974245
500949974271
500949974286
500949974291
500949974299
500949974306
500949974318
500949974321
500949974333
500949974361
500949974373
500949974381
500949974385
500949974388
500949974396
500949974399
500949974403
500949974413
500949974415
500949974420
500949974466
500949974476
500949974493
500949974495
500949974516
500949974521
500949974525
500949974526
500949974529
500949974534
500949974544
500949974546
500949974555
500949974562
500949974574
500949974575
500949974623
500949974656
500949974658
500949974667
500949974669
500949974672
500949974679
500949974696
500949974714
500949974716
500949974739
500949974747
500949974751
500949974759
500949974775
500949974785
500949974789
500949974795
500949974799
500949974804
500949974811
500949974812
500949974815
500949974829
500949974838
500949974842
500949974844
500949974845
500949974851
500949974861
500949974866
500949974869
500949974871
500949974874
500949974879
500949974882
500949974883
500949974889
500949974897
500949974898
500949974925
500949974927
500949974931
500949974938
500949974940
500949974941
500949974945
500949974946
500949974950
500949974952
500949974957
500949974963
500949974968
500949974974
500949974984
500949974986
500949974998
