501020073001
501020073027
501020073046
501020073047
501020073049
501020073062
501020073073
501020073079
501020073094
501020073098
501020073101
501020073113
501020073114
501020073118
501020073138
501020073140
501020073143
501020073159
501020073162
501020073165
501020073167
501020073178
501020073185
501020073194
501020073232
501020073233
501020073248
501020073255
501020073265
501020073314
501020073327
501020073344
501020073372
501020073400
501020073407
501020073410
501020073411
501020073414
501020073422
501020073442
501020073506
501020073523
501020073525
501020073532
501020073534
501020073537
501020073566
501020073577
501020073583
501020073639
501020073651
501020073663
501020073665
501020073670
501020073674
501020073675
501020073686
501020073691
501020073704
501020073705
501020073725
501020073766
501020073816
501020073833
501020073865
501020073877
501020073878
501020073895
501020073904
501020073943
501020073953
501020073957
501020073980
501020073985
501020073987
