501020145000
501020145001
501020145002
501020145008
501020145018
501020145026
501020145039
501020145040
501020145068
501020145073
501020145079
501020145082
501020145083
501020145086
501020145090
501020145106
501020145110
501020145133
501020145142
501020145151
501020145152
501020145155
501020145157
501020145183
501020145186
501020145188
501020145193
501020145194
501020145198
501020145205
501020145206
501020145216
501020145221
501020145223
501020145228
501020145230
501020145232
501020145237
501020145239
501020145246
501020145257
501020145263
501020145266
501020145270
501020145271
501020145318
501020145324
501020145326
501020145328
501020145329
501020145345
501020145347
501020145387
501020145394
501020145399
501020145404
501020145421
501020145424
501020145450
501020145454
501020145457
501020145469
501020145476
501020145485
501020145490
501020145497
501020145513
501020145530
501020145539
501020145542
501020145547
501020145550
501020145557
501020145558
501020145564
501020145566
501020145588
501020145592
501020145594
501020145613
501020145626
501020145627
501020145646
501020145648
501020145649
501020145655
501020145657
501020145660
501020145667
501020145674
501020145675
501020145678
501020145682
501020145688
501020145693
501020145694
501020145726
501020145763
501020145784
501020145791
501020145793
501020145796
501020145800
501020145801
501020145808
501020145839
501020145969
501020145973
501020145975
