501020186008
501020186009
501020186023
501020186035
501020186053
501020186056
501020186072
501020186080
501020186081
501020186087
501020186099
501020186132
501020186137
501020186139
501020186156
501020186162
501020186163
501020186172
501020186173
501020186176
501020186178
501020186180
501020186181
501020186186
501020186194
501020186195
501020186196
501020186199
501020186206
501020186222
501020186240
501020186241
501020186243
501020186263
501020186270
501020186319
501020186321
501020186326
501020186345
501020186356
501020186362
501020186365
501020186376
501020186396
501020186404
501020186406
501020186409
501020186417
501020186422
501020186443
501020186453
501020186459
501020186464
501020186471
501020186475
501020186488
501020186499
501020186501
501020186508
501020186543
501020186557
501020186571
501020186578
501020186592
501020186596
501020186602
501020186605
501020186620
501020186626
501020186634
501020186637
501020186651
501020186665
501020186702
501020186707
501020186708
501020186710
501020186711
501020186715
501020186716
501020186744
501020186751
501020186758
501020186779
501020186784
501020186790
501020186792
501020186815
501020186822
501020186824
501020186827
501020186829
501020186846
501020186871
501020186876
501020186878
501020186888
501020186899
501020186925
501020186930
501020186970
