501020363008
501020363010
501020363029
501020363042
501020363064
501020363080
501020363084
501020363094
501020363104
501020363141
501020363144
501020363177
501020363183
501020363185
501020363206
501020363217
501020363251
501020363256
501020363264
501020363272
501020363273
501020363281
501020363283
501020363285
501020363292
501020363294
501020363321
501020363324
501020363341
501020363342
501020363346
501020363347
501020363349
501020363358
501020363364
501020363372
501020363400
501020363403
501020363412
501020363423
501020363426
501020363444
501020363455
501020363467
501020363471
501020363495
501020363501
501020363505
501020363507
501020363519
501020363527
501020363539
501020363544
501020363553
501020363559
501020363561
501020363563
501020363564
501020363576
501020363580
501020363591
501020363592
501020363596
501020363602
501020363616
501020363618
501020363650
501020363669
501020363679
501020363698
501020363716
501020363721
501020363726
501020363745
501020363760
501020363771
501020363772
501020363777
501020363796
501020363798
501020363799
501020363814
501020363816
501020363823
501020363840
501020363845
501020363858
501020363860
501020363902
501020363913
501020363914
501020363917
501020363923
501020363942
501020363963
501020363971
501020363980
501020363987
501020363988
501020363990
