501020474048
501020474051
501020474056
501020474072
501020474077
501020474081
501020474087
501020474089
501020474102
501020474114
501020474140
501020474153
501020474154
501020474156
501020474159
501020474161
501020474165
501020474187
501020474190
501020474192
501020474193
501020474195
501020474210
501020474234
501020474247
501020474270
501020474275
501020474285
501020474289
501020474311
501020474315
501020474347
501020474351
501020474356
501020474367
501020474368
501020474373
501020474375
501020474394
501020474405
501020474447
501020474480
501020474490
501020474491
501020474778
501020474794
501020474801
501020474803
501020474813
501020474821
501020474848
501020474871
501020474895
501020474909
501020474934
501020474937
501020474984
501020474991
