501020555012
501020555017
501020555019
501020555027
501020555050
501020555078
501020555104
501020555108
501020555120
501020555134
501020555139
501020555144
501020555145
501020555159
501020555168
501020555173
501020555178
501020555184
501020555185
501020555187
501020555189
501020555191
501020555193
501020555195
501020555199
501020555200
501020555202
501020555204
501020555205
501020555207
501020555209
501020555213
501020555216
501020555219
501020555250
501020555257
501020555276
501020555283
501020555285
501020555301
501020555313
501020555318
501020555345
501020555347
501020555350
501020555358
501020555359
501020555362
501020555413
501020555425
501020555428
501020555436
501020555438
501020555439
501020555443
501020555446
501020555448
501020555457
501020555461
501020555463
501020555467
501020555482
501020555486
501020555497
501020555507
501020555516
501020555519
501020555523
501020555530
501020555539
501020555547
501020555550
501020555552
501020555554
501020555556
501020555562
501020555578
501020555584
501020555587
501020555592
501020555599
501020555625
501020555643
501020555648
501020555682
501020555696
501020555716
501020555718
501020555730
501020555749
501020555765
501020555783
501020555797
501020555801
501020555815
501020555826
501020555831
501020555840
501020555842
501020555845
501020555855
501020555864
501020555865
501020555872
501020555898
501020555921
501020555925
501020555929
501020555933
501020555935
501020555937
501020555946
501020555978
501020555986
501020555990
