501020892017
501020892034
501020892103
501020892143
501020892145
501020892149
501020892151
501020892155
501020892160
501020892161
501020892165
501020892178
501020892179
501020892180
501020892244
501020892272
501020892275
501020892276
501020892278
501020892297
501020892316
501020892320
501020892321
501020892355
501020892357
501020892360
501020892418
501020892427
501020892432
501020892436
501020892442
501020892447
501020892451
501020892476
501020892478
501020892498
501020892507
501020892526
501020892529
501020892535
501020892541
501020892553
501020892555
501020892558
501020892566
501020892590
501020892593
501020892595
501020892597
501020892601
501020892605
501020892623
501020892683
501020892687
501020892691
501020892717
501020892719
501020892736
501020892746
501020892754
501020892757
501020892762
501020892763
501020892811
501020892822
501020892861
501020892863
501020892889
501020892895
501020892899
501020892908
501020892918
501020892924
501020892926
501020892930
501020892958
501020892959
501020892971
501020892972
