501095340282
501095340323
501095340365
501095340419
501095340422
501095340427
501095340438
501095340469
501095340470
501095340472
501095340474
501095340479
501095340482
501095340503
501095340509
501095340516
501095340524
501095340527
501095340529
501095340539
501095340542
501095340548
501095340550
501095340554
501095340555
501095340559
501095340566
501095340583
501095340587
501095340593
501095340598
501095340601
501095340607
501095340611
501095340614
501095340615
501095340619
501095340623
501095340628
501095340630
501095340631
501095340635
501095340645
501095340647
501095340648
501095340657
501095340658
501095340660
501095340666
501095340667
501095340669
501095340670
501095340673
501095340678
501095340682
501095340686
501095340687
501095340691
501095340697
501095340698
501095340702
501095340703
501095340704
501095340706
501095340713
501095340714
501095340720
501095340724
501095340726
501095340734
501095340740
501095340746
501095340751
501095340752
501095340757
501095340763
501095340764
501095340766
501095340768
501095340770
501095340772
501095340773
501095340774
501095340775
501095340778
501095340779
501095340781
501095340790
501095340792
501095340796
501095340798
501095340803
501095340811
501095340813
501095340815
501095340817
501095340820
501095340831
501095340836
501095340838
501095340842
501095340845
501095340846
501095340848
501095340849
501095340850
501095340854
501095340855
501095340859
501095340860
501095340861
501095340863
501095340864
501095340866
501095340867
501095340868
501095340870
501095340871
501095340872
501095340873
501095340875
501095340876
501095340877
501095340879
501095340881
501095340884
501095340885
501095340887
501095340889
501095340894
501095340897
501095340903
501095340907
501095340911
501095340916
501095340919
501095340920
501095340921
501095340923
501095340928
501095340929
501095340931
501095340939
501095340941
501095340942
501095340944
501095340945
501095340950
501095340955
501095340959
501095340961
501095340967
501095340970
501095340976
501095340981
501095340982
501095340983
501095340984
501095340985
501095340987
501095340989
501095340990
501095340994
501095340996
501095340998
501095340999
