501095370004
501095370005
501095370061
501095370075
501095370076
501095370081
501095370140
501095370186
501095370193
501095370204
501095370312
501095370330
501095370371
501095370374
501095370418
501095370442
501095370457
501095370459
501095370480
501095370519
501095370537
501095370618
501095370643
501095370653
501095370685
501095370695
501095370697
501095370736
501095370738
501095370784
501095370808
501095370814
501095370833
501095370839
501095370841
501095370845
501095370851
501095370861
501095370909
