501095994145
501095994146
501095994186
501095994193
501095994194
501095994195
501095994196
501095994276
501095994336
501095994358
501095994375
501095994505
501095994541
501095994559
501095994642
501095994643
501095994645
501095994647
501095994649
501095994651
501095994653
501095994654
501095994655
501095994656
501095994657
501095994658
501095994659
501095994661
501095994662
501095994663
501095994664
501095994665
501095994667
501095994669
501095994670
501095994672
501095994674
501095994676
501095994678
501095994679
501095994680
501095994681
501095994682
501095994683
501095994685
501095994687
501095994688
501095994689
501095994690
501095994727
501095994732
501095994744
501095994745
501095994753
501095994824
501095994835
501095994895
501095994912
