500998004022
500998004027
500998004047
500998004053
500998004081
500998004112
500998004127
500998004142
500998004220
500998004284
500998004297
500998004304
500998004307
500998004423
500998004426
500998004450
500998004454
500998004458
500998004474
500998004572
500998004579
500998004622
500998004677
500998004685
500998004687
500998004700
500998004731
500998004743
500998004763
500998004770
500998004777
500998004826
500998004837
500998004840
500998004849
500998004866
500998004907
500998004915
500998004949
500998004961
500998004975
500998004984
500998004987
500998004988
500998004995
500998004999
