500998224029
500998224065
500998224106
500998224130
500998224138
500998224152
500998224192
500998224208
500998224223
500998224228
500998224242
500998224252
500998224263
500998224295
500998224316
500998224352
500998224436
500998224443
500998224450
500998224451
500998224476
500998224499
500998224516
500998224526
500998224530
500998224538
500998224547
500998224559
500998224567
500998224569
500998224581
500998224601
500998224614
500998224616
500998224684
500998224754
500998224792
500998224798
500998224833
500998224840
500998224859
500998224934
500998224945
500998224991
