500998305008
500998305024
500998305030
500998305032
500998305039
500998305042
500998305095
500998305106
500998305140
500998305144
500998305156
500998305189
500998305196
500998305207
500998305208
500998305212
500998305216
500998305217
500998305301
500998305310
500998305317
500998305352
500998305355
500998305361
500998305386
500998305451
500998305457
500998305461
500998305467
500998305487
500998305498
500998305548
500998305563
500998305569
500998305580
500998305592
500998305595
500998305597
500998305606
500998305610
500998305619
500998305631
500998305637
500998305655
500998305691
500998305701
500998305717
500998305720
500998305739
500998305758
500998305787
500998305813
500998305852
500998305868
500998305882
500998305886
500998305894
500998305896
500998305905
500998305906
500998305931
500998305948
500998305964
