500600993048
500600993053
500600993061
500600993080
500600993083
500600993084
500600993086
500600993118
500600993123
500600993125
500600993131
500600993136
500600993177
500600993181
500600993186
500600993189
500600993204
500600993266
500600993352
500600993432
500600993433
500600993474
500600993487
500600993496
500600993525
500600993537
500600993542
500600993557
500600993571
500600993578
500600993585
500600993601
500600993607
500600993610
500600993684
500600993693
500600993704
500600993798
500600993802
500600993923
