500933431332
500933431342
500933431351
500933431354
500933431357
500933431360
500933431370
500933431373
500933431383
500933431427
500933431429
500933431431
500933431470
500933431504
500933431508
500933431520
500933431538
500933431586
500933431596
500933431604
500933431613
500933431643
500933431646
500933431651
500933431658
500933431686
500933431692
500933431697
500933431701
500933431710
500933431711
500933431712
500933431730
500933431740
500933431745
500933431753
500933431787
500933431867
500933431912
500933431925
500933431982
500933431988
500933431991
