500933611001
500933611020
500933611059
500933611214
500933611219
500933611225
500933611229
500933611245
500933611255
500933611264
500933611292
500933611296
500933611384
500933611448
500933611450
500933611459
500933611464
500933611509
500933611522
500933611528
500933611561
500933611607
500933611620
500933611626
500933611629
500933611634
500933611675
500933611676
500933611682
500933611703
500933611708
500933611712
500933611714
500933611723
500933611732
500933611781
500933611791
500933611808
500933611848
500933611852
500933611857
500933611873
500933611882
500933611886
500933611891
500933611893
500933611895
500933611929
500933611932
500933611944
500933611955
500933611964
500933611968
500933611974
500933611979
500933611981
500933611990
500933611993
