500933989018
500933989024
500933989041
500933989050
500933989080
500933989114
500933989115
500933989153
500933989158
500933989172
500933989186
500933989194
500933989225
500933989248
500933989261
500933989362
500933989473
500933989481
500933989483
500933989486
500933989533
500933989539
500933989561
500933989568
500933989578
500933989586
500933989596
500933989616
500933989618
500933989622
500933989634
500933989635
500933989648
500933989661
500933989682
500933989690
500933989756
500933989841
500933989867
500933989880
500933989886
500933989915
500933989919
500933989966
