500960119030
500960119059
500960119061
500960119063
500960119064
500960119096
500960119110
500960119134
500960119135
500960119153
500960119179
500960119181
500960119260
500960119273
500960119294
500960119296
500960119298
500960119301
500960119315
500960119325
500960119327
500960119331
500960119334
500960119337
500960119359
500960119368
500960119369
500960119370
500960119374
500960119377
500960119380
500960119381
500960119383
500960119385
500960119391
500960119392
500960119396
500960119401
500960119407
500960119408
500960119409
500960119414
500960119420
500960119424
500960119427
500960119430
500960119432
500960119436
500960119437
500960119442
500960119446
500960119463
500960119470
500960119474
500960119481
500960119487
500960119490
500960119494
500960119499
500960119501
500960119504
500960119505
500960119521
500960119525
500960119531
500960119540
500960119542
500960119546
500960119562
500960119592
500960119600
500960119607
500960119617
500960119620
500960119627
500960119631
500960119633
500960119638
500960119643
500960119661
500960119718
500960119720
500960119729
500960119735
500960119736
500960119738
500960119741
500960119743
500960119748
500960119752
500960119761
500960119765
500960119779
500960119819
