500960203006
500960203013
500960203025
500960203040
500960203062
500960203088
500960203100
500960203106
500960203130
500960203133
500960203136
500960203141
500960203151
500960203170
500960203177
500960203178
500960203201
500960203203
500960203237
500960203240
500960203256
500960203262
500960203269
500960203281
500960203297
500960203301
500960203305
500960203306
500960203312
500960203329
500960203332
500960203366
500960203368
500960203375
500960203381
500960203386
500960203402
500960203405
500960203408
500960203411
500960203415
500960203429
500960203438
500960203450
500960203463
500960203466
500960203468
500960203486
500960203490
500960203497
500960203515
500960203516
500960203534
500960203536
500960203538
500960203559
500960203565
500960203566
500960203576
500960203584
500960203609
500960203624
500960203629
500960203636
500960203650
500960203657
500960203660
500960203661
500960203683
500960203693
500960203694
500960203697
500960203712
500960203715
500960203716
500960203741
500960203756
500960203762
500960203773
500960203784
500960203819
500960203821
500960203823
500960203832
500960203844
500960203859
500960203861
500960203881
500960203907
500960203909
500960203911
500960203912
500960203913
500960203916
500960203925
500960203928
500960203930
500960203931
500960203934
500960203964
500960203966
500960203978
500960203982
500960203985
