500960744001
500960744003
500960744008
500960744009
500960744012
500960744020
500960744031
500960744039
500960744044
500960744047
500960744057
500960744066
500960744067
500960744068
500960744071
500960744075
500960744079
500960744082
500960744085
500960744087
500960744089
500960744103
500960744109
500960744113
500960744114
500960744116
500960744119
500960744157
500960744159
500960744175
500960744176
500960744187
500960744188
500960744192
500960744200
500960744203
500960744206
500960744216
500960744219
500960744223
500960744224
500960744230
500960744231
500960744246
500960744255
500960744257
500960744259
500960744260
500960744265
500960744270
500960744286
500960744292
500960744313
500960744315
500960744323
500960744325
500960744336
500960744337
500960744338
500960744339
500960744350
500960744352
500960744353
500960744354
500960744355
500960744357
500960744403
500960744406
500960744449
500960744460
500960744464
500960744472
500960744473
500960744480
500960744493
500960744494
500960744508
500960744512
500960744519
500960744520
500960744522
500960744528
500960744530
500960744532
500960744541
500960744548
500960744555
500960744580
500960744589
500960744621
500960744640
500960744648
500960744706
500960744711
500960744717
500960744727
500960744730
500960744735
500960744736
500960744741
500960744745
500960744768
500960744795
500960744808
500960744810
500960744811
500960744821
500960744824
500960744825
500960744836
500960744839
500960744844
500960744852
500960744862
500960744876
500960744883
500960744889
500960744891
500960744897
500960744908
500960744911
500960744913
500960744940
500960744944
500960744969
500960744981
500960744987
500960744992
500960744996
500960744997
