500960927013
500960927023
500960927029
500960927031
500960927043
500960927054
500960927074
500960927078
500960927122
500960927175
500960927188
500960927196
500960927203
500960927218
500960927227
500960927232
500960927249
500960927258
500960927261
500960927263
500960927265
500960927275
500960927284
500960927302
500960927306
500960927321
500960927324
500960927336
500960927346
500960927349
500960927353
500960927360
500960927372
500960927374
500960927418
500960927467
500960927471
500960927492
500960927497
500960927511
500960927513
500960927534
500960927536
500960927537
500960927540
500960927541
500960927546
500960927549
500960927552
500960927554
500960927556
500960927561
500960927565
500960927568
500960927571
500960927573
500960927577
500960927579
500960927581
500960927588
500960927611
500960927618
500960927619
500960927630
500960927637
500960927680
500960927682
500960927696
500960927716
500960927723
500960927726
500960927729
500960927731
500960927744
500960927746
500960927747
500960927749
500960927847
500960927848
500960927856
500960927874
500960927877
500960927880
500960927888
500960927891
500960927914
500960927938
500960927941
500960927944
500960927946
500960927948
500960927950
500960927979
500960927986
