500960988000
500960988003
500960988013
500960988023
500960988026
500960988031
500960988033
500960988034
500960988036
500960988038
500960988062
500960988063
500960988072
500960988076
500960988078
500960988080
500960988083
500960988084
500960988101
500960988102
500960988106
500960988111
500960988112
500960988116
500960988121
500960988135
500960988137
500960988159
500960988161
500960988163
500960988228
500960988246
500960988247
500960988262
500960988264
500960988270
500960988282
500960988288
500960988289
500960988296
500960988306
500960988311
500960988313
500960988316
500960988317
500960988321
500960988324
500960988337
500960988357
500960988380
500960988384
500960988394
500960988404
500960988410
500960988412
500960988415
500960988419
500960988422
500960988423
500960988426
500960988433
500960988442
500960988444
500960988445
500960988448
500960988451
500960988460
500960988472
500960988478
500960988483
500960988487
500960988541
500960988547
500960988559
500960988566
500960988569
500960988583
500960988588
500960988590
500960988593
500960988599
500960988615
500960988628
500960988635
500960988640
500960988643
500960988647
500960988653
500960988656
500960988675
500960988701
500960988735
500960988746
500960988753
500960988757
500960988759
500960988761
500960988906
500960988921
500960988930
500960988931
500960988933
500960988963
500960988968
500960988978
500960988990
500960988992
500960988995
