500007071010
500007071091
500007071120
500007071147
500007071155
500007071172
500007071178
500007071180
500007071192
500007071202
500007071237
500007071242
500007071248
500007071280
500007071281
500007071284
500007071288
500007071308
500007071323
500007071336
500007071351
500007071357
500007071358
500007071367
500007071381
500007071387
500007071412
500007071431
500007071439
500007071444
500007071445
500007071454
500007071731
500007071741
500007071764
500007071770
500007071783
500007071809
500007071815
500007071818
500007071821
500007071864
500007071865
500007071894
500007071902
500007071923
500007071944
500007071985
500007071996
500007071998
