500007077024
500007077030
500007077041
500007077074
500007077180
500007077189
500007077233
500007077243
500007077248
500007077285
500007077302
500007077336
500007077339
500007077358
500007077364
500007077393
500007077395
500007077401
500007077424
500007077482
500007077483
500007077490
500007077491
500007077499
500007077510
500007077529
500007077602
500007077659
500007077661
500007077667
500007077714
500007077724
500007077767
500007077798
500007077811
500007077823
500007077827
500007077856
500007077869
500007077877
500007077919
500007077935
500007077960
500007077966
500007077976
500007077978
