500007087002
500007087003
500007087024
500007087051
500007087077
500007087079
500007087081
500007087088
500007087094
500007087135
500007087147
500007087155
500007087177
500007087207
500007087212
500007087216
500007087223
500007087230
500007087256
500007087268
500007087269
500007087271
500007087279
500007087283
500007087284
500007087299
500007087303
500007087318
500007087320
500007087326
500007087327
500007087329
500007087342
500007087346
500007087357
500007087370
500007087389
500007087396
500007087402
500007087416
500007087431
500007087432
500007087435
500007087447
500007087464
500007087471
500007087474
500007087475
500007087484
500007087502
500007087521
500007087522
500007087525
500007087536
500007087549
500007087553
500007087567
500007087572
500007087590
500007087594
500007087598
500007087606
500007087641
500007087642
500007087674
500007087692
500007087703
500007087719
500007087725
500007087728
500007087740
500007087748
500007087754
500007087760
500007087775
500007087794
500007087797
500007087811
500007087821
500007087826
500007087831
500007087856
500007087908
500007087921
500007087922
500007087936
500007087945
500007087985
500007087986
