500007184023
500007184057
500007184061
500007184065
500007184079
500007184084
500007184097
500007184099
500007184106
500007184107
500007184116
500007184129
500007184140
500007184145
500007184161
500007184167
500007184170
500007184171
500007184173
500007184191
500007184210
500007184229
500007184240
500007184259
500007184260
500007184277
500007184282
500007184297
500007184305
500007184306
500007184330
500007184342
500007184347
500007184348
500007184353
500007184355
500007184363
500007184367
500007184373
500007184383
500007184404
500007184408
500007184426
500007184427
500007184454
500007184482
500007184512
500007184526
500007184542
500007184546
500007184584
500007184605
500007184619
500007184649
500007184658
500007184665
500007184669
500007184688
500007184706
500007184717
500007184723
500007184734
500007184739
500007184746
500007184751
500007184793
500007184805
500007184806
500007184840
500007184853
500007184854
500007184856
500007184861
500007184863
500007184866
500007184867
500007184897
500007184899
500007184902
500007184913
500007184914
500007184916
500007184929
500007184951
500007184966
500007184967
500007184979
