500007301022
500007301043
500007301055
500007301058
500007301060
500007301061
500007301083
500007301100
500007301101
500007301106
500007301111
500007301114
500007301129
500007301133
500007301137
500007301151
500007301170
500007301175
500007301179
500007301194
500007301195
500007301202
500007301211
500007301213
500007301221
500007301225
500007301235
500007301239
500007301243
500007301252
500007301264
500007301265
500007301266
500007301268
500007301286
500007301287
500007301288
500007301293
500007301294
500007301303
500007301326
500007301332
500007301336
500007301343
500007301349
500007301350
500007301353
500007301354
500007301363
500007301367
500007301371
500007301373
500007301374
500007301380
500007301381
500007301394
500007301402
500007301407
500007301414
500007301418
500007301423
500007301427
500007301440
500007301442
500007301444
500007301447
500007301450
500007301457
500007301475
500007301516
500007301522
500007301547
500007301567
500007301585
500007301603
500007301610
500007301618
500007301636
500007301643
500007301646
500007301650
500007301656
500007301659
500007301665
500007301678
500007301683
500007301685
500007301693
500007301704
500007301736
500007301743
500007301756
500007301763
500007301786
500007301789
500007301801
500007301811
500007301816
500007301822
500007301827
500007301834
500007301838
500007301845
500007301849
500007301851
500007301852
500007301856
500007301858
500007301862
500007301864
500007301874
500007301886
500007301895
500007301920
500007301928
500007301930
500007301931
500007301935
500007301941
500007301945
500007301950
500007301953
500007301963
500007301972
500007301978
500007301986
500007301989
500007301992
500007301993
500007301997
