500007351360
500007351375
500007351420
500007351434
500007351453
500007351454
500007351463
500007351472
500007351488
500007351529
500007351536
500007351537
500007351587
500007351598
500007351607
500007351609
500007351614
500007351638
500007351657
500007351665
500007351672
500007351697
500007351755
500007351779
500007351782
500007351802
500007351818
500007351824
500007351830
500007351857
500007351860
500007351865
500007351867
500007351886
500007351918
500007351943
500007351947
500007351965
500007351983
500007351989
