500007492001
500007492035
500007492076
500007492077
500007492092
500007492150
500007492181
500007492184
500007492192
500007492203
500007492207
500007492222
500007492228
500007492232
500007492238
500007492245
500007492247
500007492248
500007492259
500007492277
500007492281
500007492288
500007492297
500007492303
500007492306
500007492311
500007492313
500007492325
500007492327
500007492330
500007492336
500007492350
500007492355
500007492359
500007492369
500007492378
500007492404
500007492424
500007492497
500007492504
500007492509
500007492523
500007492594
500007492607
500007492638
500007492645
500007492701
500007492742
500007492762
500007492775
500007492787
500007492802
500007492812
500007492830
500007492831
500007492848
500007492863
500007492867
500007492873
500007492881
500007492895
500007492910
500007492923
500007492932
500007492934
500007492944
500007492962
500007492972
500007492989
500007492990
500007492998
