500007673032
500007673035
500007673094
500007673143
500007673158
500007673161
500007673200
500007673221
500007673251
500007673269
500007673279
500007673289
500007673296
500007673300
500007673318
500007673325
500007673333
500007673352
500007673371
500007673432
500007673447
500007673462
500007673463
500007673468
500007673505
500007673521
500007673524
500007673535
500007673545
500007673555
500007673580
500007673583
500007673613
500007673615
500007673622
500007673632
500007673650
500007673689
500007673690
500007673701
500007673712
500007673748
500007673786
500007673816
500007673821
500007673840
500007673863
500007673885
500007673897
500007673913
500007673918
500007673925
500007673937
500007673945
500007673954
500007673995
500007673999
