500007842007
500007842012
500007842045
500007842089
500007842090
500007842091
500007842092
500007842101
500007842110
500007842123
500007842131
500007842132
500007842141
500007842147
500007842162
500007842164
500007842182
500007842212
500007842218
500007842287
500007842289
500007842290
500007842315
500007842318
500007842320
500007842321
500007842330
500007842333
500007842337
500007842338
500007842367
500007842444
500007842477
500007842482
500007842484
500007842485
500007842491
500007842494
500007842497
500007842518
500007842519
500007842525
500007842529
500007842535
500007842542
500007842552
500007842553
500007842555
500007842563
500007842564
500007842581
500007842592
500007842606
500007842613
500007842627
500007842646
500007842657
500007842663
500007842666
500007842669
500007842681
500007842683
500007842693
500007842703
500007842710
500007842712
500007842713
500007842732
500007842735
500007842785
500007842797
500007842803
500007842808
500007842816
500007842820
500007842833
500007842834
500007842835
500007842841
500007842842
500007842855
500007842856
500007842866
500007842873
500007842877
500007842879
500007842897
500007842913
500007842938
500007842945
500007842951
500007842959
500007842983
