500007906023
500007906025
500007906026
500007906039
500007906050
500007906065
500007906073
500007906074
500007906080
500007906092
500007906104
500007906131
500007906152
500007906170
500007906183
500007906191
500007906193
500007906196
500007906198
500007906203
500007906207
500007906217
500007906220
500007906232
500007906235
500007906236
500007906237
500007906238
500007906239
500007906240
500007906243
500007906260
500007906279
500007906284
500007906287
500007906299
500007906300
500007906316
500007906341
500007906397
500007906404
500007906411
500007906412
500007906427
500007906439
500007906443
500007906448
500007906472
500007906498
500007906504
500007906520
500007906523
500007906530
500007906535
500007906536
500007906566
500007906576
500007906610
500007906611
500007906623
500007906662
500007906676
500007906687
500007906696
500007906701
500007906703
500007906764
500007906768
500007906770
500007906794
500007906810
500007906812
500007906842
500007906880
500007906883
500007906886
500007906889
500007906903
500007906914
500007906917
500007906944
500007906956
500007906982
500007906986
