500987039003
500987039008
500987039026
500987039027
500987039030
500987039032
500987039037
500987039054
500987039056
500987039058
500987039060
500987039061
500987039081
500987039108
500987039113
500987039115
500987039117
500987039122
500987039127
500987039138
500987039139
500987039149
500987039155
500987039159
500987039163
500987039183
500987039220
500987039227
500987039238
500987039245
500987039250
500987039257
500987039259
500987039267
500987039282
500987039304
500987039311
500987039319
500987039335
500987039341
500987039347
500987039362
500987039364
500987039369
500987039374
500987039402
500987039411
500987039415
500987039422
500987039427
500987039429
500987039456
500987039468
500987039470
500987039474
500987039476
500987039482
500987039484
500987039485
500987039500
500987039502
500987039505
500987039510
500987039537
500987039548
500987039558
500987039566
500987039570
500987039571
500987039573
500987039587
500987039601
500987039603
500987039604
500987039606
500987039610
500987039622
500987039626
500987039634
500987039635
500987039637
500987039638
500987039640
500987039641
500987039667
500987039692
500987039699
500987039709
500987039710
500987039737
500987039739
500987039746
500987039761
500987039771
500987039783
500987039792
500987039799
500987039801
500987039813
500987039815
500987039820
500987039824
500987039831
500987039838
500987039849
500987039856
500987039858
500987039861
500987039864
500987039865
500987039867
500987039870
500987039879
500987039906
500987039924
500987039935
500987039939
500987039941
500987039943
500987039950
500987039957
500987039958
500987039969
500987039979
500987039984
500987039993
500987039995
500987039998
