500987069002
500987069006
500987069013
500987069028
500987069030
500987069045
500987069046
500987069047
500987069056
500987069058
500987069071
500987069072
500987069096
500987069109
500987069122
500987069132
500987069150
500987069152
500987069155
500987069160
500987069162
500987069171
500987069181
500987069201
500987069211
500987069216
500987069219
500987069239
500987069240
500987069279
500987069282
500987069284
500987069292
500987069299
500987069301
500987069304
500987069320
500987069321
500987069323
500987069328
500987069332
500987069344
500987069361
500987069420
500987069421
500987069423
500987069437
500987069448
500987069452
500987069462
500987069466
500987069480
500987069484
500987069486
500987069492
500987069515
500987069527
500987069562
500987069563
500987069570
500987069572
500987069577
500987069607
500987069613
500987069621
500987069628
500987069630
500987069641
500987069642
500987069657
500987069659
500987069663
500987069671
500987069674
500987069676
500987069681
500987069692
500987069707
500987069713
500987069714
500987069726
500987069738
500987069740
500987069746
500987069751
500987069761
500987069773
500987069787
500987069791
500987069807
500987069824
500987069829
500987069832
500987069843
500987069875
500987069892
500987069901
500987069904
500987069907
500987069915
500987069917
500987069920
500987069924
500987069932
500987069933
500987069935
500987069939
500987069943
500987069955
500987069960
500987069961
500987069965
500987069969
500987069970
500987069985
500987069996
500987069999
