500987185007
500987185010
500987185011
500987185013
500987185033
500987185047
500987185058
500987185062
500987185070
500987185105
500987185107
500987185128
500987185145
500987185157
500987185166
500987185170
500987185173
500987185209
500987185229
500987185235
500987185237
500987185239
500987185251
500987185257
500987185263
500987185265
500987185288
500987185302
500987185306
500987185322
500987185335
500987185341
500987185351
500987185353
500987185388
500987185395
500987185419
500987185460
500987185482
500987185485
500987185491
500987185496
500987185513
500987185531
500987185534
500987185536
500987185573
500987185582
500987185593
500987185597
500987185603
500987185668
500987185680
500987185683
500987185685
500987185694
500987185708
500987185735
500987185754
500987185757
500987185782
500987185784
500987185789
500987185792
500987185810
500987185813
500987185830
500987185846
500987185883
500987185919
500987185941
500987185946
500987185960
500987185966
