500987373003
500987373006
500987373033
500987373048
500987373068
500987373077
500987373101
500987373127
500987373129
500987373149
500987373151
500987373164
500987373166
500987373230
500987373237
500987373252
500987373254
500987373268
500987373272
500987373296
500987373304
500987373331
500987373338
500987373348
500987373384
500987373393
500987373422
500987373428
500987373450
500987373457
500987373458
500987373499
500987373508
500987373518
500987373537
500987373582
500987373648
500987373652
500987373683
500987373691
500987373693
500987373694
500987373700
500987373705
500987373707
500987373708
500987373712
500987373718
500987373720
500987373728
500987373734
500987373742
500987373744
500987373745
500987373746
500987373748
500987373754
500987373767
500987373779
500987373784
500987373791
500987373822
500987373830
500987373833
500987373839
500987373845
500987373860
500987373864
500987373874
500987373883
500987373892
500987373894
500987373900
500987373907
500987373929
500987373942
500987373943
500987373948
500987373950
500987373956
500987373970
500987373984
