500987439014
500987439017
500987439021
500987439022
500987439039
500987439045
500987439093
500987439096
500987439109
500987439111
500987439115
500987439126
500987439132
500987439134
500987439144
500987439250
500987439332
500987439334
500987439356
500987439363
500987439365
500987439376
500987439384
500987439385
500987439401
500987439425
500987439430
500987439434
500987439478
500987439499
500987439514
500987439515
500987439516
500987439519
500987439530
500987439540
500987439541
500987439548
500987439552
500987439579
500987439584
500987439654
500987439655
500987439657
500987439692
500987439721
500987439723
500987439724
500987439748
500987439754
500987439764
500987439784
500987439810
500987439812
500987439815
500987439823
500987439851
500987439872
500987439876
500987439891
500987439902
500987439911
500987439918
500987439925
500987439934
500987439941
500987439960
500987439971
500987439981
500987439988
500987439998
