500987442022
500987442033
500987442043
500987442044
500987442051
500987442085
500987442106
500987442108
500987442112
500987442118
500987442125
500987442135
500987442162
500987442174
500987442177
500987442209
500987442251
500987442264
500987442273
500987442276
500987442280
500987442284
500987442312
500987442327
500987442397
500987442406
500987442414
500987442432
500987442438
500987442445
500987442478
500987442483
500987442517
500987442547
500987442548
500987442558
500987442567
500987442616
500987442630
500987442632
500987442640
500987442677
500987442685
500987442687
500987442709
500987442710
500987442711
500987442722
500987442740
500987442743
500987442884
500987442906
500987442907
500987442924
500987442925
500987442934
500987442937
500987442944
500987442956
500987442959
500987442965
500987442967
500987442977
500987442998
