500987712000
500987712002
500987712004
500987712013
500987712014
500987712017
500987712029
500987712033
500987712051
500987712081
500987712103
500987712110
500987712156
500987712158
500987712160
500987712161
500987712172
500987712173
500987712194
500987712202
500987712240
500987712252
500987712254
500987712257
500987712264
500987712269
500987712272
500987712290
500987712302
500987712304
500987712306
500987712314
500987712316
500987712318
500987712326
500987712335
500987712336
500987712354
500987712411
500987712416
500987712419
500987712420
500987712424
500987712432
500987712442
500987712458
500987712501
500987712505
500987712556
500987712570
500987712612
500987712629
500987712651
500987712652
500987712655
500987712693
500987712719
500987712723
500987712733
500987712734
500987712742
500987712744
500987712746
500987712753
500987712757
500987712759
500987712761
500987712762
500987712820
500987712821
500987712825
500987712826
500987712829
500987712866
500987712870
500987712903
500987712905
500987712912
500987712938
500987712947
500987712952
500987712968
500987712982
500987712995
