500987770001
500987770006
500987770016
500987770017
500987770029
500987770036
500987770041
500987770046
500987770057
500987770080
500987770092
500987770093
500987770106
500987770109
500987770146
500987770195
500987770202
500987770228
500987770238
500987770239
500987770240
500987770242
500987770271
500987770279
500987770280
500987770286
500987770299
500987770300
500987770302
500987770309
500987770314
500987770326
500987770329
500987770336
500987770339
500987770341
500987770343
500987770347
500987770351
500987770424
500987770435
500987770440
500987770444
500987770475
500987770480
500987770513
500987770515
500987770521
500987770523
500987770527
500987770551
500987770557
500987770575
500987770582
500987770604
500987770609
500987770615
500987770631
500987770633
500987770640
500987770645
500987770656
500987770666
500987770679
500987770685
500987770691
500987770711
500987770712
500987770717
500987770725
500987770727
500987770728
500987770758
500987770771
500987770792
500987770813
500987770817
500987770820
500987770822
500987770846
500987770890
500987770893
500987770911
500987770917
500987770926
500987770982
500987770997
