500987976077
500987976080
500987976084
500987976101
500987976104
500987976115
500987976121
500987976129
500987976137
500987976141
500987976159
500987976162
500987976164
500987976170
500987976175
500987976177
500987976184
500987976187
500987976191
500987976194
500987976196
500987976224
500987976238
500987976245
500987976302
500987976305
500987976330
500987976348
500987976354
500987976378
500987976379
500987976383
500987976395
500987976396
500987976415
500987976430
500987976440
500987976445
500987976450
500987976454
500987976458
500987976466
500987976474
500987976521
500987976522
500987976528
500987976541
500987976556
500987976558
500987976579
500987976585
500987976589
500987976614
500987976625
500987976653
500987976654
500987976658
500987976672
500987976679
500987976683
500987976690
500987976718
500987976733
500987976735
500987976758
500987976795
500987976797
500987976799
500987976807
500987976809
500987976821
500987976823
500987976825
500987976880
500987976891
500987976892
500987976897
500987976923
500987976932
500987976936
500987976953
500987976961
500987976963
500987976966
500987976974
500987976976
500987976977
500987976980
500987976985
500987976986
500987976993
500987976995
500987976997
