501090329049
501090329167
501090329282
501090329291
501090329292
501090329294
501090329295
501090329299
501090329304
501090329312
501090329314
501090329315
501090329323
501090329328
501090329333
501090329368
501090329369
501090329372
501090329376
501090329377
501090329380
501090329382
501090329385
501090329387
501090329388
501090329400
501090329401
501090329407
501090329408
501090329421
501090329424
501090329429
501090329511
501090329543
501090329547
501090329584
501090329592
501090329709
501090329713
501090329837
501090329839
