501090575094
501090575096
501090575101
501090575110
501090575117
501090575283
501090575287
501090575288
501090575305
501090575307
501090575308
501090575309
501090575327
501090575328
501090575330
501090575337
501090575339
501090575341
501090575342
501090575344
501090575350
501090575352
501090575355
501090575362
501090575364
501090575368
501090575371
501090575380
501090575382
501090575387
501090575388
501090575397
501090575403
501090575407
501090575411
501090575414
501090575439
501090575451
501090575472
501090575483
501090575619
501090575734
501090575743
501090575826
501090575828
501090575830
501090575966
501090575970
501090575986
