501051205027
501051205031
501051205090
501051205187
501051205340
501051205353
501051205437
501051205475
501051205497
501051205531
501051205532
501051205533
501051205534
501051205535
501051205536
501051205544
501051205558
501051205566
501051205570
501051205573
501051205575
501051205758
501051205761
501051205797
501051205798
501051205802
501051205807
501051205815
501051205816
501051205819
501051205821
501051205824
501051205833
501051205834
501051205836
501051205842
501051205850
501051205856
501051205866
501051205870
501051205877
501051205878
501051205879
501051205883
501051205936
501051205938
501051205940
501051205943
501051205945
501051205946
