500947182003
500947182012
500947182014
500947182016
500947182094
500947182190
500947182207
500947182223
500947182267
500947182309
500947182319
500947182333
500947182337
500947182360
500947182371
500947182372
500947182374
500947182379
500947182412
500947182419
500947182438
500947182460
500947182530
500947182551
500947182600
500947182633
500947182650
500947182685
500947182686
500947182687
500947182694
500947182697
500947182700
500947182701
500947182706
500947182724
500947182726
500947182771
500947182794
500947182811
500947182854
500947182876
500947182895
