500947774002
500947774011
500947774026
500947774030
500947774038
500947774060
500947774074
500947774079
500947774084
500947774098
500947774101
500947774122
500947774148
500947774162
500947774196
500947774197
500947774212
500947774227
500947774240
500947774245
500947774248
500947774250
500947774261
500947774278
500947774281
500947774298
500947774299
500947774301
500947774304
500947774317
500947774359
500947774362
500947774372
500947774373
500947774374
500947774380
500947774382
500947774385
500947774395
500947774397
500947774412
500947774419
500947774424
500947774427
500947774439
500947774441
500947774446
500947774449
500947774451
500947774453
500947774469
500947774475
500947774477
500947774494
500947774496
500947774497
500947774502
500947774508
500947774513
500947774524
500947774525
500947774533
500947774542
500947774543
500947774548
500947774549
500947774553
500947774554
500947774567
500947774581
500947774592
500947774597
500947774598
500947774600
500947774603
500947774604
500947774618
500947774622
500947774628
500947774630
500947774633
500947774644
500947774647
500947774656
500947774666
500947774681
500947774686
500947774689
500947774692
500947774694
500947774699
500947774710
500947774712
500947774716
500947774738
500947774742
500947774748
500947774757
500947774766
500947774768
500947774769
500947774795
500947774803
500947774807
500947774811
500947774845
500947774848
500947774849
500947774852
500947774854
500947774856
500947774876
500947774879
500947774889
500947774893
500947774907
500947774914
500947774917
500947774920
500947774922
500947774930
500947774934
500947774938
500947774944
500947774946
500947774948
500947774950
500947774954
500947774956
500947774957
500947774960
500947774961
500947774970
500947774976
500947774977
500947774991
