500947877003
500947877006
500947877010
500947877023
500947877026
500947877031
500947877039
500947877047
500947877070
500947877071
500947877077
500947877085
500947877090
500947877104
500947877115
500947877118
500947877136
500947877138
500947877150
500947877169
500947877176
500947877179
500947877185
500947877200
500947877220
500947877223
500947877226
500947877231
500947877234
500947877247
500947877257
500947877262
500947877268
500947877277
500947877283
500947877286
500947877289
500947877294
500947877302
500947877310
500947877315
500947877320
500947877335
500947877373
500947877377
500947877386
500947877387
500947877396
500947877398
500947877404
500947877410
500947877411
500947877416
500947877418
500947877447
500947877450
500947877481
500947877493
500947877495
500947877498
500947877505
500947877507
500947877519
500947877528
500947877531
500947877533
500947877539
500947877554
500947877558
500947877564
500947877570
500947877578
500947877579
500947877593
500947877598
500947877600
500947877604
500947877606
500947877610
500947877625
500947877627
500947877645
500947877667
500947877686
500947877695
500947877713
500947877720
500947877731
500947877734
500947877745
500947877753
500947877759
500947877773
500947877796
500947877801
500947877804
500947877830
500947877833
500947877840
500947877857
500947877858
500947877859
500947877875
500947877887
500947877888
500947877893
500947877896
500947877903
500947877906
500947877915
500947877924
500947877926
500947877938
500947877942
500947877954
500947877961
500947877963
500947877973
500947877983
