500947985003
500947985014
500947985018
500947985028
500947985032
500947985039
500947985044
500947985048
500947985053
500947985063
500947985069
500947985084
500947985088
500947985091
500947985092
500947985098
500947985101
500947985105
500947985107
500947985111
500947985114
500947985119
500947985124
500947985129
500947985135
500947985140
500947985162
500947985164
500947985166
500947985173
500947985174
500947985203
500947985225
500947985235
500947985239
500947985282
500947985285
500947985287
500947985288
500947985292
500947985298
500947985301
500947985316
500947985320
500947985331
500947985362
500947985364
500947985375
500947985385
500947985402
500947985408
500947985411
500947985420
500947985422
500947985429
500947985431
500947985437
500947985450
500947985454
500947985456
500947985461
500947985473
500947985498
500947985512
500947985514
500947985526
500947985527
500947985531
500947985542
500947985545
500947985575
500947985577
500947985578
500947985580
500947985601
500947985622
500947985634
500947985642
500947985646
500947985648
500947985652
500947985656
500947985660
500947985677
500947985679
500947985682
500947985689
500947985695
500947985701
500947985707
500947985720
500947985738
500947985740
500947985777
500947985779
500947985788
500947985789
500947985792
500947985808
500947985812
500947985821
500947985840
500947985858
500947985867
500947985879
500947985880
500947985893
500947985897
500947985898
500947985912
500947985922
500947985926
500947985939
500947985947
500947985952
500947985953
500947985955
500947985960
500947985965
500947985966
500947985968
500947985972
500947985975
500947985990
500947985996
500947985997
