501080091209
501080091327
501080091329
501080091336
501080091337
501080091338
501080091340
501080091341
501080091342
501080091348
501080091349
501080091350
501080091360
501080091396
501080091397
501080091398
501080091399
501080091407
501080091415
501080091417
501080091420
501080091421
501080091422
501080091426
501080091428
501080091832
501080091844
501080091848
501080091855
501080091915
501080091925
501080091929
501080091935
501080091938
501080091944
501080091953
501080091956
501080091969
501080091979
501080091980
501080091992
