501004321005
501004321007
501004321010
501004321012
501004321016
501004321037
501004321040
501004321074
501004321077
501004321082
501004321087
501004321088
501004321093
501004321097
501004321109
501004321128
501004321144
501004321154
501004321162
501004321163
501004321179
501004321196
501004321231
501004321247
501004321250
501004321278
501004321281
501004321331
501004321346
501004321367
501004321381
501004321383
501004321390
501004321391
501004321393
501004321408
501004321418
501004321443
501004321463
501004321526
501004321529
501004321531
501004321537
501004321543
501004321553
501004321557
501004321586
501004321588
501004321590
501004321593
501004321598
501004321600
501004321605
501004321618
501004321622
501004321625
501004321631
501004321634
501004321644
501004321684
501004321685
501004321686
501004321692
501004321700
501004321738
501004321741
501004321782
501004321804
501004321840
501004321850
501004321856
501004321857
501004321860
501004321867
501004321881
501004321902
501004321915
501004321917
501004321932
501004321941
501004321949
501004321961
501004321976
