501004582005
501004582011
501004582013
501004582017
501004582018
501004582029
501004582038
501004582040
501004582071
501004582093
501004582095
501004582114
501004582138
501004582164
501004582168
501004582178
501004582183
501004582191
501004582193
501004582202
501004582208
501004582226
501004582236
501004582246
501004582250
501004582251
501004582256
501004582257
501004582261
501004582263
501004582281
501004582284
501004582289
501004582292
501004582296
501004582315
501004582322
501004582339
501004582353
501004582398
501004582414
501004582423
501004582427
501004582457
501004582493
501004582533
501004582537
501004582574
501004582584
501004582620
501004582626
501004582649
501004582652
501004582656
501004582660
501004582681
501004582702
501004582757
501004582766
501004582777
501004582788
501004582792
501004582803
501004582828
501004582839
501004582842
501004582867
501004582903
501004582910
501004582931
501004582953
501004582957
501004582959
501004582961
