501004627004
501004627019
501004627043
501004627071
501004627081
501004627085
501004627114
501004627115
501004627116
501004627117
501004627125
501004627137
501004627139
501004627167
501004627195
501004627209
501004627216
501004627218
501004627224
501004627277
501004627279
501004627281
501004627287
501004627322
501004627332
501004627337
501004627393
501004627402
501004627403
501004627453
501004627469
501004627477
501004627480
501004627481
501004627530
501004627531
501004627532
501004627538
501004627541
501004627546
501004627558
501004627605
501004627623
501004627656
501004627658
501004627660
501004627670
501004627679
501004627686
501004627701
501004627720
501004627737
501004627761
501004627764
501004627774
501004627827
501004627828
501004627837
501004627843
501004627852
501004627854
501004627856
501004627875
501004627932
501004627940
501004627944
501004627946
501004627973
501004627980
501004627992
