501004690017
501004690019
501004690028
501004690057
501004690108
501004690126
501004690144
501004690192
501004690212
501004690234
501004690239
501004690249
501004690273
501004690278
501004690282
501004690297
501004690317
501004690318
501004690325
501004690327
501004690372
501004690402
501004690407
501004690432
501004690445
501004690463
501004690465
501004690496
501004690515
501004690525
501004690536
501004690544
501004690547
501004690577
501004690588
501004690608
501004690629
501004690678
501004690712
501004690725
501004690732
501004690733
501004690764
501004690768
501004690778
501004690801
501004690808
501004690819
501004690833
501004690835
501004690841
501004690868
501004690869
501004690871
501004690878
501004690895
501004690973
501004690994
