501004748000
501004748018
501004748021
501004748026
501004748030
501004748045
501004748057
501004748059
501004748064
501004748112
501004748119
501004748122
501004748125
501004748171
501004748177
501004748179
501004748180
501004748181
501004748188
501004748197
501004748224
501004748234
501004748247
501004748253
501004748272
501004748283
501004748284
501004748291
501004748315
501004748324
501004748355
501004748366
501004748376
501004748381
501004748394
501004748454
501004748456
501004748467
501004748498
501004748503
501004748512
501004748526
501004748535
501004748540
501004748544
501004748567
501004748577
501004748578
501004748587
501004748593
501004748594
501004748596
501004748604
501004748605
501004748610
501004748624
501004748648
501004748653
501004748663
501004748665
501004748666
501004748668
501004748670
501004748671
501004748674
501004748687
501004748717
501004748721
501004748736
501004748739
501004748761
501004748766
501004748771
501004748772
501004748784
501004748797
501004748801
501004748803
501004748804
501004748809
501004748840
501004748847
501004748855
501004748884
501004748898
501004748899
501004748904
501004748908
501004748913
501004748914
501004748919
501004748930
501004748936
501004748948
501004748951
501004748954
501004748955
501004748971
501004748972
501004748980
501004748987
501004748992
501004748993
