500220049025
500220049039
500220049076
500220049098
500220049112
500220049235
500220049305
500220049314
500220049328
500220049337
500220049365
500220049375
500220049437
500220049458
500220049464
500220049476
500220049478
500220049496
500220049497
500220049511
500220049538
500220049555
500220049558
500220049580
500220049595
500220049598
500220049607
500220049624
500220049626
500220049641
500220049649
500220049650
500220049658
500220049665
500220049667
500220049684
500220049686
500220049689
500220049724
