500220417021
500220417846
500220417132
500220417526
500220417127
500220417121
500220417785
500220417887
500220417847
500220417382
500220417859
500220417808
500220417720
500220417728
500220417819
500220417154
500220417499
500220417455
500220417672
500220417830
500220417513
500220417125
500220417752
500220417119
500220417812
500220417916
500220417963
500220417935
500220417962
500220417951
500220417986
500220417973
500220417934
500220417946
500220417925
500220417475
500220417021
500220417846
500220417132
500220417526
500220417127
500220417121
500220417785
500220417887
500220417847
500220417382
500220417859
500220417808
500220417720
500220417728
500220417819
500220417154
500220417499
500220417455
500220417672
500220417830
500220417513
500220417125
500220417752
500220417119
500220417812
500220417916
500220417963
500220417935
500220417962
500220417951
500220417986
500220417973
500220417934
500220417946
500220417925
