500220793813
500220793785
500220793158
500220793815
500220793426
500220793065
500220793780
500220793485
500220793021
500220793769
500220793794
500220793456
500220793512
500220793915
500220793861
500220793651
500220793918
500220793995
500220793910
500220793885
500220793958
500220793883
500220793946
500220793868
500220793965
500220793813
500220793785
500220793158
500220793815
500220793426
500220793065
500220793780
500220793485
500220793021
500220793769
500220793794
500220793456
500220793512
500220793915
500220793861
500220793651
500220793918
500220793995
500220793910
500220793885
500220793958
500220793883
500220793946
500220793868
