501117222001
501117222094
501117222110
501117222113
501117222114
501117222117
501117222118
501117222119
501117222120
501117222121
501117222122
501117222123
501117222127
501117222129
501117222130
501117222131
501117222132
501117222133
501117222134
501117222135
501117222136
501117222139
501117222140
501117222142
501117222143
501117222144
501117222146
501117222148
501117222192
501117222199
501117222273
501117222327
501117222331
501117222365
501117222368
501117222392
501117222394
501117222436
501117222443
501117222477
501117222518
501117222620
501117222622
501117222635
501117222637
501117222727
501117222770
501117222792
501117222794
501117222796
501117222840
501117222950
501117222994
