500418868030
500418868032
500418868033
500418868038
500418868040
500418868041
500418868046
500418868047
500418868049
500418868051
500418868055
500418868059
500418868062
500418868069
500418868070
500418868075
500418868079
500418868081
500418868087
500418868173
500418868176
500418868178
500418868180
500418868182
500418868184
500418868413
500418868424
500418868607
500418868620
500418868672
500418868701
500418868716
500418868734
500418868739
500418868740
500418868741
500418868747
500418868753
500418868759
500418868949
