501024159001
501024159008
501024159018
501024159033
501024159035
501024159036
501024159051
501024159057
501024159067
501024159068
501024159107
501024159115
501024159138
501024159146
501024159158
501024159165
501024159204
501024159250
501024159262
501024159302
501024159352
501024159401
501024159437
501024159472
501024159520
501024159535
501024159544
501024159567
501024159568
501024159578
501024159579
501024159583
501024159616
501024159640
501024159653
501024159677
501024159713
501024159770
501024159820
501024159843
501024159857
501024159895
501024159914
501024159921
501024159925
501024159945
501024159951
501024159953
501024159954
501024159955
501024159982
501024159999
