501024396005
501024396007
501024396035
501024396045
501024396050
501024396051
501024396102
501024396111
501024396216
501024396249
501024396262
501024396335
501024396350
501024396369
501024396406
501024396417
501024396445
501024396534
501024396603
501024396615
501024396616
501024396621
501024396645
501024396664
501024396678
501024396696
501024396705
501024396706
501024396776
501024396801
501024396806
501024396808
501024396809
501024396817
501024396864
501024396891
501024396902
501024396906
501024396913
501024396946
501024396953
