501024448026
501024448061
501024448063
501024448065
501024448070
501024448122
501024448170
501024448172
501024448184
501024448214
501024448298
501024448323
501024448362
501024448367
501024448391
501024448395
501024448431
501024448465
501024448471
501024448489
501024448578
501024448591
501024448620
501024448671
501024448680
501024448758
501024448768
501024448796
501024448801
501024448811
501024448870
501024448882
501024448899
501024448906
501024448910
501024448919
501024448931
501024448959
501024448970
