501024826020
501024826026
501024826029
501024826032
501024826054
501024826059
501024826070
501024826077
501024826108
501024826116
501024826121
501024826127
501024826173
501024826194
501024826244
501024826247
501024826258
501024826268
501024826287
501024826331
501024826339
501024826349
501024826370
501024826374
501024826417
501024826466
501024826492
501024826539
501024826551
501024826570
501024826586
501024826602
501024826603
501024826624
501024826680
501024826690
501024826693
501024826694
501024826698
501024826751
501024826784
501024826786
501024826787
501024826807
501024826854
501024826881
501024826889
501024826904
501024826931
501024826937
501024826969
