501024909008
501024909022
501024909108
501024909109
501024909126
501024909132
501024909177
501024909210
501024909249
501024909260
501024909262
501024909278
501024909284
501024909302
501024909334
501024909342
501024909353
501024909425
501024909460
501024909461
501024909466
501024909487
501024909512
501024909513
501024909516
501024909517
501024909525
501024909532
501024909539
501024909543
501024909557
501024909573
501024909592
501024909603
501024909604
501024909613
501024909638
501024909678
501024909730
501024909735
501024909769
501024909774
501024909776
501024909798
501024909826
501024909838
501024909840
501024909843
501024909849
501024909866
501024909871
501024909877
501024909896
501024909907
501024909921
501024909923
501024909938
501024909955
501024909956
501024909975
501024909982
501024909985
501024909990
501024909993
501024909996
