501045392050
501045392058
501045392062
501045392098
501045392188
501045392230
501045392236
501045392246
501045392266
501045392300
501045392326
501045392332
501045392333
501045392344
501045392345
501045392351
501045392355
501045392366
501045392454
501045392563
501045392593
501045392616
501045392639
501045392730
501045392735
501045392756
501045392758
501045392799
501045392803
501045392837
501045392838
501045392873
501045392918
501045392931
501045392946
501045392948
501045392972
501045392978
501045392980
501045392994
