501045416040
501045416042
501045416050
501045416082
501045416164
501045416240
501045416255
501045416285
501045416294
501045416295
501045416307
501045416315
501045416377
501045416381
501045416384
501045416386
501045416392
501045416454
501045416481
501045416503
501045416512
501045416514
501045416525
501045416541
501045416561
501045416578
501045416591
501045416604
501045416606
501045416625
501045416630
501045416668
501045416679
501045416706
501045416711
501045416729
501045416730
501045416733
501045416743
501045416744
501045416751
501045416781
501045416795
501045416832
501045416833
501045416835
501045416840
501045416866
501045416874
501045416928
501045416952
501045416958
501045416961
501045416966
