501045454000
501045454006
501045454008
501045454010
501045454015
501045454020
501045454022
501045454025
501045454026
501045454036
501045454039
501045454043
501045454048
501045454053
501045454058
501045454059
501045454069
501045454082
501045454090
501045454091
501045454097
501045454100
501045454103
501045454110
501045454117
501045454123
501045454126
501045454138
501045454140
501045454141
501045454143
501045454149
501045454160
501045454161
501045454163
501045454167
501045454169
501045454174
501045454175
501045454181
501045454189
501045454203
501045454204
501045454205
501045454207
501045454219
501045454262
501045454265
501045454267
501045454274
501045454279
501045454288
501045454296
501045454299
501045454340
501045454342
501045454344
501045454345
501045454348
501045454350
501045454351
501045454356
501045454396
501045454414
501045454434
501045454473
501045454519
501045454535
501045454565
501045454567
501045454576
501045454583
501045454585
501045454633
501045454640
501045454684
501045454698
501045454701
501045454758
501045454799
501045454864
501045454867
501045454892
501045454898
501045454932
501045454961
501045454967
501045454969
501045454996
