501045991030
501045991036
501045991051
501045991072
501045991084
501045991103
501045991119
501045991132
501045991134
501045991151
501045991176
501045991187
501045991223
501045991225
501045991226
501045991244
501045991251
501045991265
501045991268
501045991272
501045991277
501045991283
501045991291
501045991296
501045991321
501045991332
501045991338
501045991380
501045991386
501045991445
501045991543
501045991578
501045991582
501045991598
501045991611
501045991614
501045991674
501045991693
501045991731
501045991755
501045991756
501045991791
501045991797
501045991809
501045991819
501045991823
501045991892
501045991929
501045991939
501045991950
