501006182125
501006182172
501006182181
501006182182
501006182184
501006182186
501006182193
501006182195
501006182201
501006182225
501006182240
501006182258
501006182261
501006182265
501006182282
501006182284
501006182288
501006182293
501006182320
501006182350
501006182354
501006182365
501006182367
501006182377
501006182391
501006182394
501006182403
501006182438
501006182441
501006182443
501006182460
501006182475
501006182477
501006182480
501006182484
501006182492
501006182494
501006182497
501006182499
501006182508
501006182527
501006182528
501006182531
501006182544
501006182598
501006182608
501006182609
501006182615
501006182620
501006182628
501006182634
501006182641
501006182650
501006182657
501006182659
501006182666
501006182671
501006182675
501006182678
501006182681
501006182690
501006182699
501006182713
501006182729
501006182735
501006182737
501006182743
501006182767
501006182790
501006182795
501006182796
501006182797
501006182816
501006182817
501006182820
501006182822
501006182847
501006182858
501006182868
501006182873
501006182878
501006182902
501006182906
501006182950
501006182993
