501006325021
501006325024
501006325028
501006325032
501006325045
501006325061
501006325063
501006325065
501006325068
501006325090
501006325097
501006325099
501006325100
501006325108
501006325110
501006325113
501006325118
501006325131
501006325132
501006325133
501006325143
501006325147
501006325154
501006325160
501006325164
501006325198
501006325199
501006325203
501006325207
501006325211
501006325212
501006325216
501006325220
501006325224
501006325229
501006325232
501006325240
501006325248
501006325249
501006325250
501006325260
501006325263
501006325278
501006325300
501006325309
501006325316
501006325324
501006325344
501006325347
501006325348
501006325349
501006325354
501006325364
501006325365
501006325373
501006325374
501006325385
501006325414
501006325422
501006325430
501006325436
501006325440
501006325451
501006325455
501006325483
501006325485
501006325496
501006325513
501006325536
501006325564
501006325566
501006325567
501006325586
501006325612
501006325651
501006325664
501006325675
501006325684
501006325685
501006325687
501006325695
501006325702
501006325704
501006325705
501006325706
501006325708
501006325710
501006325711
501006325727
501006325732
501006325734
501006325745
501006325751
501006325756
501006325765
501006325768
501006325774
501006325784
501006325787
501006325799
501006325804
501006325824
501006325826
501006325839
501006325856
501006325858
501006325868
501006325879
501006325882
501006325909
501006325926
501006325927
501006325932
501006325939
501006325951
501006325960
501006325975
501006325982
501006325999
