501006479006
501006479010
501006479014
501006479029
501006479037
501006479042
501006479044
501006479050
501006479078
501006479107
501006479109
501006479111
501006479120
501006479135
501006479138
501006479141
501006479143
501006479144
501006479157
501006479159
501006479185
501006479187
501006479189
501006479194
501006479201
501006479205
501006479211
501006479217
501006479220
501006479225
501006479232
501006479236
501006479238
501006479242
501006479251
501006479255
501006479258
501006479259
501006479261
501006479264
501006479268
501006479275
501006479287
501006479289
501006479294
501006479307
501006479315
501006479346
501006479354
501006479355
501006479372
501006479376
501006479378
501006479390
501006479394
501006479418
501006479423
501006479424
501006479446
501006479456
501006479459
501006479463
501006479464
501006479473
501006479483
501006479486
501006479492
501006479497
501006479501
501006479503
501006479509
501006479520
501006479529
501006479531
501006479534
501006479536
501006479539
501006479543
501006479550
501006479557
501006479567
501006479568
501006479569
501006479571
501006479574
501006479576
501006479588
501006479625
501006479641
501006479642
501006479649
501006479657
501006479668
501006479670
501006479674
501006479677
501006479678
501006479685
501006479687
501006479689
501006479699
501006479710
501006479714
501006479752
501006479755
501006479760
501006479771
501006479779
501006479781
501006479783
501006479787
501006479789
501006479821
501006479842
501006479844
501006479847
501006479857
501006479868
501006479870
501006479876
501006479879
501006479882
501006479884
501006479898
501006479901
501006479916
501006479923
501006479952
501006479956
501006479972
501006479974
501006479984
501006479989
501006479994
