501006513003
501006513005
501006513007
501006513009
501006513015
501006513016
501006513042
501006513045
501006513115
501006513120
501006513175
501006513193
501006513196
501006513213
501006513231
501006513237
501006513241
501006513268
501006513274
501006513289
501006513301
501006513302
501006513314
501006513317
501006513341
501006513347
501006513354
501006513358
501006513368
501006513371
501006513377
501006513379
501006513396
501006513399
501006513421
501006513428
501006513437
501006513450
501006513451
501006513456
501006513462
501006513463
501006513466
501006513472
501006513477
501006513479
501006513481
501006513482
501006513485
501006513489
501006513492
501006513498
501006513499
501006513518
501006513535
501006513537
501006513546
501006513549
501006513555
501006513561
501006513562
501006513568
501006513570
501006513576
501006513585
501006513597
501006513603
501006513615
501006513617
501006513654
501006513671
501006513675
501006513679
501006513688
501006513689
501006513691
501006513694
501006513695
501006513703
501006513705
501006513712
501006513735
501006513737
501006513739
501006513741
501006513743
501006513764
501006513766
501006513777
501006513779
501006513785
501006513803
501006513813
501006513816
501006513839
501006513843
501006513847
501006513867
501006513869
501006513873
501006513875
501006513878
501006513885
501006513886
501006513912
501006513914
501006513932
501006513935
501006513939
501006513966
501006513969
501006513976
501006513978
501006513987
501006513992
501006513994
501006513996
