501006534004
501006534008
501006534019
501006534020
501006534024
501006534025
501006534036
501006534079
501006534090
501006534099
501006534124
501006534132
501006534134
501006534136
501006534153
501006534156
501006534159
501006534165
501006534180
501006534183
501006534186
501006534190
501006534213
501006534221
501006534232
501006534236
501006534239
501006534241
501006534244
501006534249
501006534252
501006534254
501006534259
501006534260
501006534266
501006534274
501006534301
501006534314
501006534324
501006534325
501006534333
501006534356
501006534361
501006534362
501006534371
501006534374
501006534405
501006534411
501006534414
501006534416
501006534441
501006534443
501006534447
501006534453
501006534457
501006534470
501006534475
501006534477
501006534479
501006534498
501006534503
501006534506
501006534507
501006534511
501006534514
501006534554
501006534562
501006534569
501006534586
501006534626
501006534635
501006534641
501006534644
501006534674
501006534685
501006534691
501006534708
501006534718
501006534720
501006534722
501006534734
501006534746
501006534789
501006534791
501006534800
501006534810
501006534812
501006534847
501006534862
501006534874
501006534880
501006534901
501006534909
501006534950
501006534952
501006534955
501006534961
501006534965
501006534980
501006534988
501006534992
501006534996
