501006666004
501006666013
501006666015
501006666022
501006666025
501006666026
501006666028
501006666038
501006666053
501006666058
501006666059
501006666062
501006666070
501006666080
501006666081
501006666084
501006666086
501006666089
501006666090
501006666092
501006666098
501006666100
501006666123
501006666124
501006666126
501006666150
501006666152
501006666154
501006666155
501006666156
501006666160
501006666162
501006666168
501006666185
501006666187
501006666188
501006666190
501006666191
501006666202
501006666205
501006666225
501006666247
501006666280
501006666285
501006666313
501006666314
501006666316
501006666326
501006666335
501006666336
501006666342
501006666352
501006666364
501006666369
501006666370
501006666379
501006666395
501006666417
501006666431
501006666446
501006666448
501006666450
501006666452
501006666462
501006666466
501006666470
501006666475
501006666476
501006666540
501006666549
501006666554
501006666562
501006666564
501006666570
501006666582
501006666601
501006666606
501006666613
501006666614
501006666616
501006666624
501006666627
501006666635
501006666636
501006666641
501006666646
501006666647
501006666655
501006666656
501006666659
501006666668
501006666694
501006666697
501006666699
501006666714
501006666721
501006666722
501006666747
501006666749
501006666751
501006666761
501006666770
501006666772
501006666783
501006666791
501006666793
501006666798
501006666805
501006666824
501006666830
501006666832
501006666861
501006666880
501006666881
501006666882
501006666900
501006666910
501006666913
501006666935
501006666944
501006666969
501006666996
