501006747007
501006747020
501006747028
501006747037
501006747072
501006747081
501006747085
501006747086
501006747097
501006747100
501006747108
501006747110
501006747113
501006747122
501006747127
501006747134
501006747148
501006747159
501006747223
501006747232
501006747251
501006747252
501006747256
501006747258
501006747301
501006747346
501006747347
501006747367
501006747374
501006747377
501006747380
501006747394
501006747397
501006747398
501006747404
501006747446
501006747448
501006747488
501006747495
501006747500
501006747508
501006747516
501006747528
501006747529
501006747551
501006747575
501006747578
501006747593
501006747604
501006747624
501006747653
501006747654
501006747677
501006747686
501006747693
501006747697
501006747700
501006747723
501006747725
501006747731
501006747735
501006747740
501006747743
501006747767
501006747773
501006747775
501006747779
501006747794
501006747802
501006747811
501006747831
501006747836
501006747840
501006747850
501006747865
501006747894
501006747896
501006747939
501006747958
501006747973
501006747974
501006747978
501006747984
