501006774008
501006774016
501006774031
501006774037
501006774039
501006774040
501006774044
501006774078
501006774094
501006774102
501006774105
501006774113
501006774115
501006774136
501006774140
501006774141
501006774154
501006774195
501006774206
501006774223
501006774243
501006774250
501006774255
501006774261
501006774272
501006774280
501006774354
501006774384
501006774387
501006774390
501006774392
501006774393
501006774398
501006774422
501006774423
501006774437
501006774438
501006774471
501006774476
501006774495
501006774496
501006774497
501006774503
501006774541
501006774542
501006774549
501006774551
501006774558
501006774575
501006774597
501006774605
501006774617
501006774619
501006774620
501006774638
501006774643
501006774684
501006774686
501006774691
501006774692
501006774695
501006774719
501006774721
501006774732
501006774737
501006774745
501006774750
501006774752
501006774762
501006774767
501006774768
501006774778
501006774800
501006774806
501006774814
501006774868
501006774872
501006774881
501006774883
501006774889
501006774894
501006774904
501006774907
501006774922
501006774927
501006774929
501006774967
501006774970
501006774976
501006774979
501006774985
