501006795028
501006795031
501006795048
501006795055
501006795071
501006795088
501006795090
501006795114
501006795137
501006795141
501006795145
501006795146
501006795164
501006795168
501006795172
501006795197
501006795202
501006795228
501006795236
501006795268
501006795316
501006795319
501006795332
501006795338
501006795344
501006795347
501006795361
501006795363
501006795368
501006795371
501006795383
501006795403
501006795406
501006795408
501006795417
501006795427
501006795437
501006795454
501006795474
501006795477
501006795480
501006795488
501006795497
501006795511
501006795513
501006795515
501006795517
501006795518
501006795567
501006795569
501006795617
501006795636
501006795652
501006795668
501006795671
501006795680
501006795703
501006795715
501006795744
501006795765
501006795784
501006795785
501006795811
501006795827
501006795829
501006795831
501006795835
501006795893
501006795894
501006795899
501006795901
501006795931
501006795941
501006795945
501006795956
501006795961
501006795962
501006795972
