501006801009
501006801060
501006801076
501006801085
501006801090
501006801103
501006801137
501006801168
501006801170
501006801171
501006801172
501006801179
501006801183
501006801196
501006801226
501006801227
501006801258
501006801268
501006801274
501006801288
501006801307
501006801327
501006801328
501006801329
501006801330
501006801337
501006801379
501006801395
501006801407
501006801410
501006801437
501006801456
501006801459
501006801464
501006801466
501006801477
501006801499
501006801519
501006801568
501006801570
501006801571
501006801575
501006801612
501006801617
501006801618
501006801642
501006801645
501006801647
501006801655
501006801657
501006801661
501006801664
501006801667
501006801674
501006801675
501006801697
501006801714
501006801721
501006801733
501006801777
501006801796
501006801803
501006801821
501006801835
501006801841
501006801842
501006801879
501006801880
501006801901
501006801905
501006801909
501006801921
501006801929
501006801938
501006801941
501006801954
501006801962
501006801972
501006801974
501006801988
