501006852004
501006852009
501006852017
501006852019
501006852068
501006852074
501006852087
501006852098
501006852100
501006852104
501006852134
501006852136
501006852138
501006852140
501006852169
501006852194
501006852197
501006852208
501006852210
501006852220
501006852224
501006852232
501006852234
501006852317
501006852326
501006852327
501006852330
501006852344
501006852349
501006852352
501006852376
501006852382
501006852386
501006852396
501006852402
501006852422
501006852430
501006852439
501006852459
501006852461
501006852480
501006852491
501006852498
501006852530
501006852531
501006852545
501006852576
501006852639
501006852644
501006852648
501006852651
501006852656
501006852667
501006852679
501006852695
501006852730
501006852732
501006852735
501006852738
501006852741
501006852742
501006852753
501006852764
501006852799
501006852802
501006852804
501006852822
501006852845
501006852848
501006852850
501006852854
501006852856
501006852862
501006852865
501006852872
501006852908
501006852951
501006852969
501006852978
501006852980
501006852988
