501097101065
501097101093
501097101137
501097101315
501097101406
501097101409
501097101467
501097101561
501097101590
501097101606
501097101610
501097101612
501097101614
501097101616
501097101619
501097101622
501097101624
501097101628
501097101633
501097101636
501097101639
501097101663
501097101667
501097101687
501097101697
501097101805
501097101808
501097101818
501097101820
501097101826
501097101863
501097101941
501097101946
501097101958
501097101969
501097101970
501097101983
501097101984
501097101990
