501000026001
501000026025
501000026027
501000026030
501000026037
501000026043
501000026062
501000026065
501000026069
501000026106
501000026150
501000026158
501000026162
501000026164
501000026170
501000026172
501000026176
501000026182
501000026185
501000026195
501000026199
501000026201
501000026224
501000026230
501000026231
501000026250
501000026254
501000026259
501000026262
501000026266
501000026271
501000026285
501000026302
501000026315
501000026318
501000026321
501000026323
501000026346
501000026355
501000026366
501000026368
501000026369
501000026392
501000026397
501000026408
501000026430
501000026431
501000026440
501000026447
501000026450
501000026470
501000026491
501000026495
501000026513
501000026527
501000026530
501000026539
501000026551
501000026562
501000026568
501000026599
501000026604
501000026613
501000026619
501000026630
501000026639
501000026655
501000026658
501000026674
501000026676
501000026697
501000026703
501000026705
501000026735
501000026743
501000026759
501000026792
501000026822
501000026824
501000026826
501000026828
501000026830
501000026833
501000026851
501000026855
501000026864
501000026869
501000026877
501000026879
501000026885
501000026894
501000026911
501000026931
501000026950
501000026953
501000026957
501000026974
501000026975
501000026981
501000026985
