501000099026
501000099043
501000099050
501000099051
501000099056
501000099068
501000099071
501000099072
501000099079
501000099087
501000099091
501000099095
501000099103
501000099105
501000099107
501000099127
501000099138
501000099139
501000099160
501000099176
501000099181
501000099187
501000099198
501000099201
501000099203
501000099207
501000099211
501000099220
501000099229
501000099233
501000099256
501000099300
501000099303
501000099306
501000099324
501000099349
501000099351
501000099361
501000099365
501000099378
501000099383
501000099388
501000099390
501000099393
501000099396
501000099404
501000099440
501000099449
501000099462
501000099467
501000099504
501000099518
501000099519
501000099521
501000099523
501000099526
501000099528
501000099559
501000099561
501000099563
501000099565
501000099566
501000099573
501000099602
501000099618
501000099619
501000099632
501000099635
501000099636
501000099667
501000099676
501000099698
501000099706
501000099707
501000099713
501000099745
501000099776
501000099807
501000099828
501000099836
501000099841
501000099873
501000099884
501000099895
501000099943
501000099963
