501000309011
501000309027
501000309033
501000309035
501000309055
501000309096
501000309107
501000309109
501000309118
501000309122
501000309128
501000309131
501000309137
501000309140
501000309148
501000309149
501000309154
501000309156
501000309162
501000309168
501000309180
501000309215
501000309255
501000309258
501000309274
501000309292
501000309293
501000309295
501000309297
501000309299
501000309317
501000309321
501000309325
501000309363
501000309364
501000309378
501000309389
501000309391
501000309399
501000309404
501000309485
501000309522
501000309574
501000309622
501000309649
501000309650
501000309690
501000309695
501000309703
501000309707
501000309712
501000309718
501000309735
501000309763
501000309766
501000309768
501000309797
501000309799
501000309806
501000309825
501000309830
501000309834
501000309859
501000309860
501000309874
501000309919
501000309938
501000309940
501000309975
501000309987
501000309994
