501000593007
501000593018
501000593024
501000593033
501000593062
501000593074
501000593084
501000593097
501000593112
501000593162
501000593179
501000593185
501000593198
501000593213
501000593218
501000593248
501000593261
501000593272
501000593287
501000593290
501000593305
501000593313
501000593316
501000593321
501000593323
501000593336
501000593358
501000593376
501000593383
501000593396
501000593410
501000593412
501000593413
501000593415
501000593416
501000593430
501000593432
501000593433
501000593437
501000593445
501000593455
501000593459
501000593461
501000593473
501000593483
501000593498
501000593547
501000593552
501000593553
501000593556
501000593560
501000593562
501000593568
501000593584
501000593588
501000593615
501000593618
501000593626
501000593632
501000593634
501000593635
501000593636
501000593639
501000593643
501000593654
501000593658
501000593682
501000593701
501000593702
501000593711
501000593715
501000593718
501000593733
501000593753
501000593760
501000593782
501000593785
501000593788
501000593803
501000593836
501000593854
501000593867
501000593897
501000593922
501000593944
501000593961
501000593990
