501000613020
501000613078
501000613088
501000613093
501000613119
501000613129
501000613132
501000613142
501000613153
501000613159
501000613207
501000613218
501000613269
501000613292
501000613294
501000613296
501000613299
501000613337
501000613343
501000613370
501000613375
501000613381
501000613420
501000613421
501000613432
501000613437
501000613454
501000613471
501000613475
501000613487
501000613492
501000613503
501000613506
501000613527
501000613561
501000613569
501000613579
501000613598
501000613601
501000613629
501000613639
501000613666
501000613677
501000613678
501000613679
501000613680
501000613711
501000613713
501000613715
501000613727
501000613768
501000613773
501000613801
501000613803
501000613828
501000613832
501000613836
501000613904
501000613983
