501000857000
501000857008
501000857021
501000857027
501000857033
501000857055
501000857061
501000857063
501000857079
501000857083
501000857091
501000857102
501000857114
501000857115
501000857122
501000857129
501000857133
501000857135
501000857149
501000857150
501000857157
501000857176
501000857207
501000857231
501000857254
501000857259
501000857265
501000857287
501000857310
501000857313
501000857314
501000857321
501000857324
501000857327
501000857332
501000857335
501000857352
501000857371
501000857385
501000857390
501000857422
501000857431
501000857443
501000857445
501000857451
501000857455
501000857498
501000857501
501000857518
501000857533
501000857553
501000857557
501000857570
501000857607
501000857608
501000857614
501000857619
501000857629
501000857641
501000857662
501000857666
501000857686
501000857712
501000857718
501000857736
501000857737
501000857740
501000857743
501000857744
501000857753
501000857754
501000857770
501000857772
501000857774
501000857803
501000857810
501000857812
501000857813
501000857858
501000857859
501000857866
501000857889
501000857891
501000857893
501000857904
501000857912
501000857915
501000857917
501000857922
501000857926
501000857933
501000857935
501000857939
501000857941
501000857945
501000857973
501000857990
