501000860016
501000860018
501000860023
501000860028
501000860034
501000860048
501000860053
501000860061
501000860152
501000860155
501000860177
501000860180
501000860227
501000860233
501000860258
501000860283
501000860285
501000860315
501000860343
501000860345
501000860354
501000860360
501000860365
501000860387
501000860389
501000860409
501000860429
501000860430
501000860434
501000860464
501000860475
501000860504
501000860519
501000860522
501000860526
501000860535
501000860539
501000860638
501000860696
501000860700
501000860701
501000860706
501000860715
501000860721
501000860722
501000860744
501000860756
501000860790
501000860800
501000860806
501000860895
501000860897
501000860908
501000860948
501000860950
501000860955
501000860956
501000860961
501000860971
