501000878005
501000878017
501000878029
501000878031
501000878042
501000878069
501000878075
501000878079
501000878081
501000878095
501000878109
501000878112
501000878115
501000878117
501000878159
501000878163
501000878172
501000878173
501000878187
501000878202
501000878210
501000878230
501000878231
501000878265
501000878277
501000878283
501000878296
501000878298
501000878310
501000878337
501000878395
501000878396
501000878468
501000878512
501000878532
501000878535
501000878566
501000878568
501000878589
501000878603
501000878627
501000878632
501000878634
501000878637
501000878658
501000878669
501000878675
501000878689
501000878695
501000878734
501000878735
501000878748
501000878750
501000878753
501000878775
501000878797
501000878820
501000878863
501000878873
501000878911
501000878929
501000878931
501000878935
501000878948
501000878961
501000878964
