501000954008
501000954013
501000954025
501000954026
501000954028
501000954033
501000954058
501000954083
501000954088
501000954104
501000954117
501000954118
501000954126
501000954129
501000954135
501000954153
501000954154
501000954160
501000954161
501000954165
501000954198
501000954204
501000954211
501000954219
501000954220
501000954223
501000954224
501000954228
501000954231
501000954232
501000954255
501000954286
501000954289
501000954290
501000954297
501000954300
501000954304
501000954307
501000954319
501000954326
501000954331
501000954337
501000954340
501000954345
501000954375
501000954377
501000954407
501000954418
501000954421
501000954434
501000954441
501000954470
501000954485
501000954503
501000954509
501000954521
501000954540
501000954548
501000954550
501000954555
501000954562
501000954566
501000954579
501000954582
501000954586
501000954625
501000954631
501000954652
501000954669
501000954671
501000954673
501000954675
501000954676
501000954680
501000954695
501000954719
501000954726
501000954743
501000954765
501000954768
501000954772
501000954798
501000954803
501000954819
501000954825
501000954836
501000954863
501000954872
501000954887
501000954901
501000954962
501000954966
501000954978
501000954986
501000954989
501000954990
501000954991
501000954995
501000954997
