500537500015
500537500096
500537500369
500537500464
500537500468
500537500484
500537500491
500537500519
500537500539
500537500552
500537500560
500537500565
500537500568
500537500570
500537500574
500537500578
500537500581
500537500584
500537500616
500537500626
500537500629
500537500630
500537500636
500537500672
500537500674
500537500679
500537500680
500537500683
500537500688
500537500690
500537500691
500537500693
500537500701
500537500703
500537500706
500537500712
500537500717
500537500722
500537500726
500537500732
500537500855
500537500931
500537500935
500537500942
500537500947
500537500963
500537500966
500537500973
500537500977
500537500986
500537500995
