501077068066
501077068100
501077068116
501077068189
501077068225
501077068308
501077068408
501077068440
501077068462
501077068505
501077068515
501077068532
501077068536
501077068543
501077068615
501077068643
501077068655
501077068666
501077068667
501077068669
501077068673
501077068677
501077068681
501077068684
501077068686
501077068687
501077068691
501077068698
501077068702
501077068710
501077068718
501077068743
501077068751
501077068753
501077068757
501077068774
501077068778
501077068784
501077068790
501077068792
501077068935
501077068946
501077068972
501077068998
501077068999
