501077452008
501077452059
501077452090
501077452131
501077452163
501077452167
501077452181
501077452232
501077452248
501077452255
501077452269
501077452307
501077452386
501077452397
501077452414
501077452459
501077452478
501077452482
501077452493
501077452509
501077452530
501077452542
501077452553
501077452555
501077452556
501077452574
501077452578
501077452580
501077452585
501077452587
501077452590
501077452591
501077452605
501077452657
501077452659
501077452661
501077452667
501077452871
501077452876
501077452877
501077452887
