500002096008
500002096013
500002096014
500002096020
500002096024
500002096051
500002096080
500002096085
500002096096
500002096098
500002096121
500002096132
500002096133
500002096134
500002096138
500002096139
500002096185
500002096241
500002096270
500002096287
500002096289
500002096297
500002096322
500002096349
500002096381
500002096427
500002096460
500002096461
500002096465
500002096515
500002096522
500002096535
500002096539
500002096554
500002096563
500002096578
500002096579
500002096588
500002096598
500002096607
500002096619
500002096624
500002096640
500002096641
500002096645
500002096646
500002096651
500002096669
500002096674
500002096676
500002096681
500002096684
500002096690
500002096713
500002096750
500002096779
500002096782
500002096819
500002096824
500002096836
500002096875
500002096884
500002096885
500002096889
500002096894
500002096950
500002096964
500002096967
500002096978
500002096987
