500002163003
500002163013
500002163019
500002163020
500002163021
500002163036
500002163040
500002163041
500002163055
500002163057
500002163061
500002163068
500002163078
500002163123
500002163129
500002163147
500002163170
500002163171
500002163192
500002163288
500002163290
500002163327
500002163330
500002163343
500002163350
500002163351
500002163352
500002163359
500002163368
500002163415
500002163419
500002163457
500002163466
500002163479
500002163481
500002163492
500002163507
500002163508
500002163522
500002163531
500002163539
500002163545
500002163547
500002163578
500002163587
500002163589
500002163597
500002163657
500002163660
500002163663
500002163669
500002163675
500002163679
500002163703
500002163711
500002163713
500002163715
500002163741
500002163749
500002163772
500002163788
500002163802
500002163819
500002163824
500002163841
500002163861
500002163874
500002163905
500002163936
500002163937
500002163940
500002163945
500002163953
500002163956
500002163959
500002163990
