500002348013
500002348016
500002348051
500002348055
500002348074
500002348092
500002348093
500002348150
500002348204
500002348212
500002348215
500002348217
500002348218
500002348229
500002348254
500002348261
500002348293
500002348350
500002348390
500002348414
500002348416
500002348427
500002348440
500002348468
500002348491
500002348516
500002348517
500002348524
500002348534
500002348562
500002348572
500002348635
500002348683
500002348690
500002348692
500002348702
500002348720
500002348733
500002348778
500002348786
500002348796
500002348847
500002348848
500002348862
500002348864
500002348928
500002348941
500002348951
500002348956
500002348977
500002348989
500002348997
