500002787005
500002787012
500002787039
500002787040
500002787057
500002787074
500002787083
500002787125
500002787144
500002787160
500002787187
500002787232
500002787247
500002787250
500002787257
500002787264
500002787286
500002787297
500002787301
500002787332
500002787333
500002787350
500002787395
500002787407
500002787411
500002787416
500002787430
500002787443
500002787447
500002787455
500002787505
500002787535
500002787551
500002787571
500002787582
500002787588
500002787595
500002787606
500002787618
500002787664
500002787677
500002787700
500002787718
500002787724
500002787725
500002787733
500002787745
500002787750
500002787755
500002787756
500002787767
500002787769
500002787776
500002787777
500002787812
500002787816
500002787887
500002787905
500002787928
500002787936
500002787943
500002787960
500002787985
