500002872000
500002872043
500002872050
500002872072
500002872081
500002872106
500002872138
500002872157
500002872171
500002872217
500002872254
500002872351
500002872356
500002872362
500002872366
500002872370
500002872389
500002872395
500002872401
500002872409
500002872417
500002872418
500002872448
500002872450
500002872456
500002872490
500002872492
500002872537
500002872540
500002872550
500002872592
500002872610
500002872634
500002872642
500002872651
500002872654
500002872656
500002872660
500002872680
500002872688
500002872730
500002872735
500002872744
500002872751
500002872791
500002872803
500002872807
500002872824
500002872825
500002872852
500002872864
500002872873
500002872908
500002872909
500002872915
500002872931
500002872940
500002872951
500002872957
500002872963
500002872964
500002872965
500002872979
500002872987
