500002877001
500002877009
500002877017
500002877064
500002877075
500002877091
500002877099
500002877115
500002877210
500002877247
500002877264
500002877265
500002877282
500002877308
500002877312
500002877353
500002877373
500002877390
500002877406
500002877409
500002877419
500002877429
500002877436
500002877442
500002877445
500002877467
500002877484
500002877491
500002877552
500002877633
500002877662
500002877666
500002877667
500002877683
500002877688
500002877698
500002877703
500002877718
500002877724
500002877731
500002877739
500002877743
500002877750
500002877751
500002877772
500002877774
500002877779
500002877816
500002877830
500002877891
500002877897
500002877916
500002877917
500002877946
500002877948
500002877957
500002877975
500002877976
500002877979
500002877993
