500002886011
500002886051
500002886084
500002886092
500002886095
500002886123
500002886169
500002886172
500002886178
500002886182
500002886187
500002886193
500002886209
500002886214
500002886216
500002886232
500002886241
500002886243
500002886306
500002886314
500002886328
500002886332
500002886341
500002886361
500002886389
500002886398
500002886410
500002886422
500002886440
500002886443
500002886452
500002886453
500002886524
500002886526
500002886542
500002886557
500002886686
500002886711
500002886745
500002886754
500002886775
500002886786
500002886799
500002886822
500002886828
500002886830
500002886831
500002886854
500002886874
500002886932
500002886939
500002886941
500002886956
500002886957
500002886959
500002886973
500002886987
500002886995
