501039282002
501039282050
501039282116
501039282143
501039282149
501039282170
501039282200
501039282279
501039282298
501039282340
501039282364
501039282375
501039282377
501039282387
501039282390
501039282410
501039282415
501039282449
501039282458
501039282487
501039282498
501039282504
501039282516
501039282538
501039282549
501039282560
501039282564
501039282572
501039282582
501039282607
501039282615
501039282638
501039282647
501039282662
501039282695
501039282713
501039282871
501039282883
501039282903
501039282905
501039282969
