501039393001
501039393003
501039393006
501039393007
501039393012
501039393019
501039393024
501039393029
501039393034
501039393048
501039393049
501039393051
501039393052
501039393057
501039393059
501039393069
501039393182
501039393201
501039393243
501039393276
501039393300
501039393318
501039393353
501039393355
501039393363
501039393373
501039393406
501039393514
501039393525
501039393534
501039393556
501039393569
501039393609
501039393651
501039393667
501039393703
501039393750
501039393756
501039393763
501039393765
501039393781
501039393783
501039393800
501039393804
501039393805
501039393812
501039393853
501039393872
501039393894
501039393940
501039393947
501039393972
501039393986
501039393996
