501039667016
501039667017
501039667022
501039667069
501039667071
501039667076
501039667078
501039667089
501039667101
501039667119
501039667124
501039667151
501039667168
501039667215
501039667229
501039667250
501039667255
501039667274
501039667292
501039667303
501039667318
501039667336
501039667346
501039667392
501039667410
501039667441
501039667457
501039667463
501039667507
501039667563
501039667566
501039667594
501039667637
501039667652
501039667665
501039667673
501039667678
501039667682
501039667686
501039667688
501039667692
501039667694
501039667750
501039667784
501039667787
501039667794
501039667831
501039667892
501039667925
501039667934
501039667957
501039667977
501039667986
