501039686004
501039686013
501039686022
501039686034
501039686048
501039686052
501039686062
501039686098
501039686123
501039686124
501039686125
501039686127
501039686129
501039686133
501039686153
501039686157
501039686172
501039686174
501039686176
501039686177
501039686179
501039686180
501039686182
501039686183
501039686184
501039686185
501039686187
501039686188
501039686191
501039686200
501039686214
501039686217
501039686225
501039686306
501039686367
501039686368
501039686377
501039686390
501039686427
501039686431
501039686456
501039686464
501039686465
501039686466
501039686468
501039686511
501039686562
501039686597
501039686607
501039686625
501039686650
501039686700
501039686749
501039686853
501039686933
501039686999
