501039943043
501039943110
501039943142
501039943152
501039943156
501039943252
501039943255
501039943259
501039943260
501039943267
501039943274
501039943280
501039943291
501039943295
501039943299
501039943325
501039943358
501039943377
501039943386
501039943431
501039943481
501039943536
501039943538
501039943554
501039943562
501039943565
501039943571
501039943587
501039943589
501039943592
501039943594
501039943618
501039943626
501039943637
501039943656
501039943661
501039943694
501039943719
501039943738
501039943748
501039943749
501039943808
501039943817
501039943819
501039943852
501039943880
501039943882
501039943885
501039943893
501039943898
501039943915
501039943927
501039943932
501039943947
501039943955
501039943963
501039943970
501039943972
501039943975
501039943979
