500908054016
500908054019
500908054049
500908054055
500908054059
500908054066
500908054076
500908054084
500908054086
500908054090
500908054092
500908054094
500908054095
500908054125
500908054129
500908054133
500908054135
500908054151
500908054155
500908054201
500908054226
500908054261
500908054267
500908054363
500908054378
500908054382
500908054412
500908054471
500908054559
500908054578
500908054579
500908054654
500908054683
500908054698
500908054736
500908054857
500908054908
500908054944
500908054971
