500908670002
500908670012
500908670033
500908670037
500908670073
500908670095
500908670115
500908670133
500908670150
500908670169
500908670173
500908670176
500908670218
500908670248
500908670261
500908670272
500908670298
500908670362
500908670389
500908670398
500908670415
500908670506
500908670524
500908670549
500908670562
500908670595
500908670599
500908670655
500908670688
500908670754
500908670773
500908670776
500908670795
500908670801
500908670810
500908670821
500908670822
500908670848
500908670849
500908670852
500908670973
500908670985
