500908752322
500908752329
500908752335
500908752355
500908752381
500908752384
500908752389
500908752421
500908752441
500908752446
500908752457
500908752471
500908752495
500908752521
500908752523
500908752561
500908752563
500908752586
500908752595
500908752627
500908752631
500908752637
500908752676
500908752714
500908752733
500908752756
500908752768
500908752771
500908752803
500908752819
500908752826
500908752844
500908752880
500908752890
500908752892
500908752901
500908752907
500908752934
500908752947
