500908897034
500908897035
500908897043
500908897046
500908897069
500908897073
500908897080
500908897111
500908897117
500908897157
500908897168
500908897217
500908897235
500908897257
500908897266
500908897284
500908897311
500908897332
500908897365
500908897374
500908897376
500908897389
500908897397
500908897441
500908897464
500908897471
500908897489
500908897500
500908897661
500908897666
500908897672
500908897676
500908897678
500908897690
500908897693
500908897695
500908897700
500908897722
500908897725
500908897728
500908897734
500908897748
500908897760
500908897776
500908897780
500908897823
500908897901
500908897927
500908897935
500908897973
500908897988
500908897995
500908897997
