501045757456
501045757487
501045757490
501045757494
501045757496
501045757512
501045757529
501045757553
501045757570
501045757589
501045757596
501045757599
501045757623
501045757678
501045757686
501045757697
501045757720
501045757729
501045757747
501045757775
501045757780
501045757781
501045757783
501045757785
501045757825
501045757841
501045757846
501045757874
501045757943
501045757947
501045757955
501045757962
501045757964
501045757974
501045758000
501045758003
501045758009
501045758043
501045758063
501045758072
501045758090
501045758096
501045758129
501045758134
501045758135
501045758164
501045758179
501045758182
501045758183
501045758188
501045758194
501045758205
501045758276
501045758291
501045758321
501045758327
501045758371
501045758373
501045758374
501045758377
501045758404
501045758413
501045758437
501045758469
501045758471
501045758614
501045758632
501045758651
501045758697
501045758737
501045758758
501045758806
501045758812
501045758838
501045758892
501045758897
501045758903
501045758913
501045758915
501045758917
501045758920
501045758925
501045758926
501045758940
501045758943
501045758990
501045759051
501045759073
501045759108
501045759152
501045759160
501045759172
501045759192
501045759195
501045759243
501045759251
501045759355
501045759477
501045759483
501045759516
501045759550
501045759569
501045759599
501045759626
501045759685
501045759742
501045759743
501045759744
501045759772
501045759783
501045759856
501045759860
501045759892
501045759900
501045759915
501045759931
501045759936
501045759939
501045759952
501045759994
501045760012
501045760037
501045760040
501045760041
501045760042
501045760064
501045760108
501045760152
501045760159
501045760167
501045760169
501045760173
501045760177
501045760179
501045760181
501045760184
501045760185
501045760188
501045760190
501045760260
501045760271
501045760284
501045760295
501045760312
501045760322
501045760326
501045760328
501045760329
501045760330
501045760331
501045760333
501045760334
501045760335
501045760340
501045760341
501045760344
501045760346
501045760348
501045760381
501045760388
501045760392
501045760422
501045760425
501045760427
501045760441
501045760450
501045760468
501045760500
501045760520
501045760547
501045760551
501045760558
501045760561
501045760610
501045760645
501045760671
501045760675
501045760692
501045760700
501045760704
501045760706
501045760708
501045760710
501045760711
501045760713
501045760715
501045760719
501045760735
501045760765
501045760792
501045760812
501045760813
501045760832
501045760836
501045760854
501045760863
501045760882
501045760884
501045760892
501045760897
501045760898
501045760961
501045760964
501045761005
501045761043
501045761112
501045761145
501045761147
501045761165
501045761167
501045761171
501045761194
501045761195
501045761203
501045761211
501045761300
501045761345
501045761349
501045761380
501045761393
501045761398
501045761417
501045761421
501045761422
501045761473
501045761486
501045761523
501045761549
501045761552
501045761584
501045761603
501045761636
501045761658
501045761659
501045761668
501045761670
501045761677
501045761699
501045761715
501045761718
501045761719
501045761749
501045761761
501045761780
501045761789
501045761795
501045761809
501045761824
501045761831
501045761843
501045761877
501045761878
501045761893
501045761941
501045761942
501045761958
501045761960
501045762009
501045762016
501045762067
501045762086
501045762115
501045762120
501045762133
501045762134
501045762165
501045762172
501045762176
501045762190
501045762206
501045762216
501045762228
501045762242
501045762247
501045762252
501045762260
501045762265
501045762338
501045762345
501045762350
501045762351
501045762363
501045762375
501045762384
501045762386
501045762391
501045762398
501045762399
501045762402
501045762427
501045762457
501045762462
501045762491
501045762498
501045762502
501045762515
501045762530
501045762533
501045762539
501045762542
501045762545
501045762568
501045762571
501045762580
501045762596
501045762605
501045762624
501045762629
501045762632
501045762636
501045762638
501045762640
501045762642
501045762647
501045762651
501045762655
501045762658
501045762663
501045762666
501045762669
501045762671
501045762673
501045762676
501045762689
501045762691
501045762693
501045762695
501045762697
501045762701
501045762702
501045762705
501045762706
501045762708
501045762710
501045762712
501045762713
501045762714
501045762716
501045762717
501045762719
501045762722
501045762724
501045762729
501045762731
501045762736
501045762737
501045762738
501045762740
501045762741
501045762748
501045762749
501045762750
501045762751
501045762752
501045762753
501045762754
501045762755
501045762756
501045762758
501045762759
501045762761
501045762762
501045762763
501045762764
501045762765
501045762767
501045762769
501045762770
501045762774
501045762776
501045762777
501045762781
501045762785
501045762787
501045762788
501045762790
501045762792
501045762802
501045762805
501045762806
501045762807
501045762808
501045762809
501045762810
501045762811
501045762812
501045762813
501045762815
501045762816
501045762817
501045762818
501045762820
501045762821
501045762823
501045762827
501045762835
501045762838
501045762840
501045762855
501045762879
501045762881
501045762883
501045762888
501045762919
501045762933
501045762954
501045762972
501045762974
501045762982
501045762989
501045762993
501045762998
501045763007
501045763036
501045763042
501045763044
501045763046
501045763048
501045763074
501045763079
501045763101
501045763104
501045763107
501045763122
501045763169
501045763182
501045763216
501045763217
501045763222
501045763241
501045763269
501045763272
501045763297
501045763308
501045763309
501045763312
501045763331
501045763346
501045763402
501045763406
501045763411
501045763426
501045763427
501045763438
501045763459
501045763490
501045763506
501045763511
501045763521
501045763560
501045763563
501045763580
501045763583
501045763584
501045763600
501045763617
501045763620
501045763633
501045763635
501045763654
501045763658
501045763667
501045763697
501045763717
501045763727
501045763732
501045763774
501045763788
501045763791
501045763809
501045763838
501045763839
501045763845
501045763905
501045763925
501045763954
501045763955
501045763971
501045764014
501045764059
501045764065
501045764096
501045764124
501045764187
501045764222
501045764224
501045764232
501045764241
501045764242
501045764243
501045764245
501045764247
501045764256
501045764258
501045764293
501045764308
501045764329
501045764353
501045764364
501045764371
501045764375
501045764425
501045764440
501045764445
501045764455
501045764456
501045764507
501045764508
501045764525
501045764553
501045764590
501045764620
501045764626
501045764636
501045764638
501045764641
501045764649
501045764652
501045764655
501045764664
501045764671
501045764680
501045764714
501045764752
501045764758
501045764759
501045764776
501045764784
501045764786
501045764850
501045764865
501045764871
501045764873
501045764875
501045764918
501045764927
501045764940
501045764958
501045765116
501045765125
501045765140
501045765144
501045765146
501045765149
501045765174
501045765188
501045765200
501045765207
501045765209
501045765211
501045765224
501045765363
501045765364
501045765366
501045765394
501045765459
501045765461
501045765470
501045765490
501045765507
501045765515
501045765519
501045765521
501045765525
501045765542
501045765553
501045765554
501045765556
501045765567
501045765568
501045765572
501045765575
501045765577
501045765578
501045765644
501045765649
501045765655
501045765666
501045765668
501045765682
501045765707
501045765709
501045765713
501045765727
501045765742
501045765845
501045765856
501045765925
501045765926
501045765942
501045765954
501045765965
501045766021
501045766024
501045766030
501045766044
501045766092
501045766117
501045766172
501045766211
501045766227
501045766235
501045766278
501045766289
501045766323
501045766325
501045766337
501045766354
501045766365
501045766368
501045766379
501045766380
501045766441
501045766458
501045766478
501045766486
501045766488
501045766490
501045766499
501045766511
501045766557
501045766574
501045766583
501045766596
501045766600
501045766603
501045766608
501045766614
501045766620
501045766621
501045766622
501045766626
501045766627
501045766628
501045766637
501045766641
501045766647
501045766659
501045766662
501045766667
501045766669
501045766671
501045766675
501045766678
501045766683
501045766684
501045766688
501045766693
501045766721
501045766725
501045766727
501045766729
501045766733
501045766740
501045766745
501045766750
501045766751
501045766757
501045766762
501045766790
501045766794
501045766798
501045766799
501045766806
501045766807
501045766819
501045766841
501045766844
501045766851
501045766857
501045766875
501045766899
501045766901
501045766906
501045766913
501045766919
501045766926
501045766935
501045766944
501045766947
501045766948
501045766959
501045766961
501045766963
501045766965
501045766990
501045766991
501045767000
501045767007
501045767012
501045767013
501045767015
501045767021
501045767025
501045767028
501045767030
501045767032
501045767057
501045767060
501045767062
501045767068
501045767071
501045767074
501045767088
501045767090
501045767093
501045767120
501045767126
501045767129
501045767171
501045767182
501045767189
501045767218
501045767243
501045767248
501045767293
501045767304
501045767322
501045767324
501045767339
501045767370
501045767391
501045767483
501045767497
501045767527
501045767556
501045767567
501045767576
501045767583
501045767624
501045767626
501045767634
501045767639
501045767707
501045767713
501045767732
501045767741
501045767759
501045767777
501045767778
501045767784
501045767852
501045767854
501045767855
501045767896
501045767911
501045767912
501045767914
501045767915
501045767918
501045767919
501045767922
501045767923
501045767924
501045767940
501045767942
501045767943
501045767944
501045767945
501045767948
501045767949
501045767950
501045767953
501045768073
501045768125
501045768127
501045768152
501045768161
501045768172
501045768182
501045768199
501045768204
501045768214
501045768219
501045768223
501045768240
501045768281
501045768283
501045768287
501045768302
501045768323
501045768328
501045768332
501045768337
501045768341
501045768345
501045768365
501045768366
501045768370
501045768372
501045768418
501045768421
501045768428
501045768435
501045768452
501045768464
501045768518
501045768555
501045768561
501045768573
501045768578
501045768605
501045768618
501045768637
501045768639
501045768656
501045768703
501045768732
501045768735
501045768755
501045768768
501045768773
501045768835
501045768846
501045768847
501045768912
501045768918
501045768924
501045768926
501045768927
501045768929
501045768932
501045768938
501045768952
501045768953
501045768975
501045769051
501045769052
501045769074
501045769084
501045769093
501045769096
501045769113
501045769119
501045769130
501045769131
501045769136
501045769138
501045769139
501045769146
501045769148
501045769153
501045769155
501045769169
501045769183
501045769188
501045769194
501045769224
501045769234
501045769252
501045769253
501045769288
501045769289
501045769290
501045769293
501045769313
501045769319
501045769320
501045769322
501045769324
501045769329
501045769330
501045769353
501045769354
501045769363
501045769367
501045769370
501045769378
501045769429
501045769448
501045769456
501045769462
501045769477
501045769486
501045769552
501045769575
501045769582
501045769583
501045769599
501045769601
501045769614
501045769627
501045769630
501045769632
501045769653
501045769686
501045769703
501045769749
501045769753
501045769774
501045769805
501045769825
501045769852
501045769876
501045769918
501045769934
501045769937
501045769943
501045769950
501045769989
501045770071
501045770074
501045770085
501045770115
501045770119
501045770123
501045770132
501045770134
501045770163
501045770165
501045770176
501045770269
501045770279
501045770300
501045770326
501045770342
501045770354
501045770417
501045770608
501045770634
501045770641
501045770663
501045770684
501045770692
501045770738
501045770762
501045770767
501045770876
501045770880
501045770898
501045770902
501045770947
501045770948
501045770953
501045770955
501045770956
501045770958
501045770971
501045770975
501045770980
501045770985
501045770992
501045771001
501045771009
501045771026
501045771028
501045771029
501045771032
501045771034
501045771039
501045771043
501045771045
501045771046
501045771051
501045771053
501045771055
501045771062
501045771075
501045771076
501045771079
501045771083
501045771087
501045771090
501045771103
501045771104
501045771106
501045771110
501045771112
501045771113
501045771114
501045771120
501045771128
501045771130
501045771132
501045771134
501045771135
501045771139
501045771140
501045771143
501045771145
501045771147
501045771149
501045771152
501045771153
501045771162
501045771163
501045771168
501045771172
501045771177
501045771179
501045771182
501045771184
501045771185
501045771186
501045771187
501045771189
501045771192
501045771193
501045771195
501045771197
501045771212
501045771214
501045771219
501045771221
501045771224
501045771226
501045771227
501045771229
501045771231
501045771233
501045771241
501045771245
501045771248
501045771249
501045771253
501045771255
501045771259
501045771264
501045771267
501045771271
501045771278
501045771281
501045771283
501045771286
501045771292
501045771295
501045771298
501045771299
501045771307
501045771318
501045771321
501045771323
501045771324
501045771326
501045771337
501045771342
501045771347
501045771348
501045771352
501045771353
501045771363
501045771366
501045771370
501045771380
501045771385
501045771387
501045771401
501045771406
501045771421
501045771422
501045771425
501045771438
501045771440
501045771442
501045771454
501045771456
501045771464
501045771466
501045771470
501045771472
501045771480
501045771485
501045771486
501045771491
501045771494
501045771496
501045771500
501045771504
501045771506
501045771509
501045771523
501045771528
501045771532
501045771537
501045771542
501045771549
501045771550
501045771552
501045771554
501045771555
501045771559
501045771562
501045771571
501045771574
501045771578
501045771580
501045771586
501045771590
501045771592
501045771594
501045771600
501045771602
501045771607
501045771608
501045771609
501045771612
501045771614
501045771625
501045771628
501045771630
501045771634
501045771635
501045771637
501045771638
501045771641
501045771642
501045771648
501045771651
501045771658
501045771660
501045771662
501045771666
501045771671
501045771674
501045771679
501045771683
501045771689
501045771695
501045771704
501045771712
501045771714
501045771715
501045771718
501045771720
501045771721
501045771724
501045771728
501045771730
501045771734
501045771738
501045771747
501045771751
501045771752
501045771754
501045771756
501045771761
501045771766
501045771771
501045771773
501045771774
501045771775
501045771777
501045771778
501045771782
501045771784
501045771787
501045771792
501045771797
501045771798
501045771799
501045771803
501045771807
501045771810
501045771811
501045771816
501045771817
501045771821
501045771826
501045771832
501045771841
501045771842
501045771849
501045771859
501045771862
501045771866
501045771867
501045771869
501045771878
501045771933
501045771937
501045771947
501045771969
501045772003
501045772022
501045772074
501045772078
501045772086
501045772114
501045772158
501045772179
501045772194
501045772203
501045772207
501045772245
501045772262
501045772297
501045772317
501045772348
501045772359
501045772397
501045772402
501045772417
501045772442
501045772465
501045772487
501045772501
501045772502
501045772527
501045772545
501045772614
501045772615
501045772618
501045772625
501045772628
501045772632
501045772655
501045772658
501045772707
501045772717
501045772742
501045772780
501045772825
501045772886
501045772895
501045772909
501045772950
501045772959
501045772961
501045772994
501045773001
501045773059
501045773064
501045773111
501045773136
501045773214
501045773215
501045773218
501045773242
501045773244
501045773245
501045773250
501045773316
501045773328
501045773334
501045773400
501045773408
501045773410
501045773451
501045773489
501045773500
501045773502
501045773504
501045773588
501045773592
501045773619
501045773634
501045773643
501045773675
501045773689
501045773698
501045773716
501045773718
501045773720
501045773759
501045773823
501045773834
501045773864
501045773929
501045773932
501045773963
501045773989
501045773997
501045774009
501045774021
501045774050
501045774052
501045774062
501045774073
501045774078
501045774143
501045774155
501045774159
501045774164
501045774171
501045774180
501045774246
501045774277
501045774280
501045774286
501045774299
501045774309
501045774344
501045774354
501045774381
501045774398
501045774422
501045774423
501045774428
501045774519
501045774544
501045774572
501045774574
501045774580
501045774626
501045774628
501045774635
501045774644
501045774670
501045774682
501045774711
501045774733
501045774743
501045774745
501045774796
501045774801
501045774826
501045774895
501045774904
501045774920
501045774922
501045774929
501045775090
501045775109
501045775131
501045775162
501045775164
501045775173
501045775228
501045775256
501045775258
501045775299
501045775301
501045775320
501045775323
501045775325
501045775327
501045775333
501045775334
501045775339
501045775364
501045775366
501045775411
501045775419
501045775423
501045775426
501045775427
501045775433
501045775435
501045775442
501045775454
501045775460
501045775466
501045775469
501045775470
501045775471
501045775478
501045775482
501045775488
501045775490
501045775515
501045775538
501045775560
501045775576
501045775612
501045775627
501045775647
501045775705
501045775708
501045775710
501045775761
501045775801
501045775810
501045775835
501045775839
501045775844
501045775855
501045775861
501045775865
501045775867
501045775870
501045775875
501045775879
501045775904
501045775907
501045775912
501045775914
501045775925
501045775927
501045775932
501045775941
501045775957
501045775981
501045776005
501045776013
501045776029
501045776039
501045776052
501045776094
501045776101
501045776137
501045776144
501045776187
501045776192
501045776194
501045776199
501045776200
501045776202
501045776208
501045776210
501045776241
501045776262
501045776264
501045776267
501045776271
501045776279
501045776280
501045776308
501045776311
501045776313
501045776322
501045776375
501045776385
501045776396
501045776446
501045776483
501045776510
501045776515
501045776547
501045776562
501045776593
501045776595
501045776620
501045776627
501045776679
501045776687
501045776690
501045776693
501045776694
501045776695
501045776696
501045776701
501045776714
501045776717
501045776721
501045776722
501045776730
501045776740
501045776744
501045776747
501045776755
501045776758
501045776763
501045776845
501045776846
501045776868
501045776872
501045776887
501045776915
501045777269
501045777310
501045777326
501045777335
501045777362
501045777363
501045777388
501045777413
501045777436
501045777441
501045777442
501045777502
501045777674
501045777684
501045777694
501045777705
501045777706
501045777709
501045777781
501045777845
501045777876
501045777892
501045777907
501045777910
501045777911
501045777912
501045777913
501045777914
501045777917
501045777918
501045777919
501045777920
501045777921
501045777956
501045777992
501045778010
501045778032
501045778037
501045778054
501045778078
501045778084
501045778094
501045778113
501045778120
501045778122
501045778127
501045778130
501045778134
501045778199
501045778210
501045778222
501045778268
501045778324
501045778423
501045778427
501045778429
501045778443
501045778449
501045778478
501045778487
501045778529
501045778552
501045778561
501045778667
501045778678
501045778786
501045778801
501045778830
501045778849
501045778871
501045778877
501045778879
501045778881
501045778979
501045778984
501045778995
501045778998
501045779004
501045779020
501045779022
501045779034
501045779044
501045779047
501045779054
501045779066
501045779071
501045779075
501045779081
501045779087
501045779101
501045779102
501045779119
501045779142
501045779150
501045779165
501045779197
501045779208
501045779221
501045779228
501045779257
501045779274
501045779297
501045779402
501045779403
501045779411
501045779413
501045779595
501045779618
501045779662
501045779668
501045779696
501045779697
501045779758
501045779768
501045779787
501045779808
501045779809
501045779812
501045779853
501045779869
501045779873
501045779912
501045779933
501045779940
501045779963
501045779965
501045779974
501045779975
501045779977
501045779979
501045779985
501045779986
501045779997
501045780001
501045780003
501045780025
501045780026
501045780085
501045780090
501045780099
501045780100
501045780178
501045780223
501045780228
501045780327
501045780343
501045780368
501045780388
501045780393
501045780408
501045780425
501045780429
501045780435
501045780446
501045780461
501045780481
501045780548
501045780584
501045780595
501045780596
501045780609
501045780617
501045780623
501045780661
501045780681
501045780689
501045780711
501045780719
501045780772
501045780804
501045780812
501045780816
501045780829
501045780869
501045780905
501045780906
501045780908
501045780928
501045780932
501045780980
501045780981
501045780988
501045780994
501045781012
501045781015
501045781024
501045781031
501045781047
501045781073
501045781081
501045781105
501045781114
501045781129
501045781154
501045781165
501045781194
501045781224
501045781238
501045781259
501045781274
501045781286
501045781304
501045781306
501045781318
501045781319
501045781322
501045781349
501045781414
501045781415
501045781418
501045781438
501045781449
501045781486
501045781490
501045781514
501045781541
501045781551
501045781580
501045781582
501045781600
501045781603
501045781605
501045781621
501045781634
501045781636
501045781727
501045781732
501045781751
501045781798
501045781804
501045781810
501045781843
501045781847
501045781860
501045781887
501045781889
501045781913
501045781919
501045781938
501045781945
501045781982
501045781984
501045781986
501045781992
501045781995
501045782018
501045782028
501045782079
501045782083
501045782097
501045782111
501045782214
501045782225
501045782226
501045782236
501045782266
501045782267
501045782269
501045782317
501045782333
501045782342
501045782344
501045782362
501045782385
501045782428
501045782433
501045782436
501045782439
501045782440
501045782444
501045782446
501045782449
501045782454
501045782488
501045782489
501045782492
501045782493
501045782502
501045782505
501045782530
501045782536
501045782561
501045782562
501045782567
501045782583
501045782602
501045782610
501045782611
501045782613
501045782615
501045782621
501045782625
501045782643
501045782645
501045782646
501045782653
501045782655
501045782658
501045782660
501045782663
501045782667
501045782670
501045782689
501045782710
501045782716
501045782721
501045782723
501045782726
501045782731
501045782732
501045782744
501045782753
501045782759
501045782760
501045782825
501045782852
501045782869
501045782872
501045782902
501045782925
501045783000
501045783002
501045783013
501045783019
501045783024
501045783031
501045783036
501045783046
501045783067
501045783069
501045783085
501045783116
501045783118
501045783126
501045783138
501045783148
501045783265
501045783280
501045783289
501045783297
501045783307
501045783311
501045783333
501045783334
501045783353
501045783359
501045783361
501045783370
501045783382
501045783386
501045783395
501045783397
501045783411
501045783421
501045783445
501045783449
501045783453
501045783455
501045783509
501045783512
501045783536
501045783576
501045783579
501045783587
501045783597
501045783601
501045783607
501045783608
501045783613
501045783624
501045783627
501045783638
501045783640
501045783643
501045783647
501045783653
501045783660
501045783662
501045783663
501045783668
501045783690
501045783694
501045783696
501045783703
501045783711
501045783718
501045783720
501045783723
501045783751
501045783767
501045783781
501045783789
501045783805
501045783826
501045783830
501045783869
501045783907
501045783909
501045783910
501045783916
501045783923
501045783924
501045783951
501045783956
501045783960
501045783965
501045783982
501045783986
501045783988
501045784005
501045784021
501045784031
501045784039
501045784041
501045784044
501045784046
501045784047
501045784049
501045784074
501045784097
501045784099
501045784102
501045784109
501045784131
501045784134
501045784156
501045784157
501045784166
501045784174
501045784176
501045784179
501045784183
501045784205
501045784216
501045784266
501045784271
501045784272
501045784279
501045784282
501045784328
501045784343
501045784347
501045784355
501045784356
501045784381
501045784449
501045784463
501045784466
501045784498
501045784506
501045784509
501045784515
501045784525
501045784561
501045784565
501045784580
501045784613
501045784626
501045784635
501045784637
501045784678
501045784689
501045784733
501045784793
501045784811
501045784816
501045784820
501045784822
501045784823
501045784851
501045784907
501045784908
501045784919
501045784923
501045784926
501045784983
501045784988
501045784991
501045784992
501045784994
501045785003
501045785011
501045785040
501045785043
501045785044
501045785049
501045785051
501045785053
501045785058
501045785063
501045785066
501045785068
501045785077
501045785093
501045785105
501045785133
501045785154
501045785228
501045785290
501045785291
501045785303
501045785371
501045785378
501045785400
501045785405
501045785412
501045785462
501045785496
501045785519
501045785546
501045785557
501045785569
501045785578
501045785580
501045785621
501045785642
501045785703
501045785733
501045785757
501045785769
501045785828
501045785894
501045785927
501045785959
501045785965
501045785976
501045786073
501045786074
501045786110
501045786126
501045786132
501045786165
501045786170
501045786384
501045786405
501045786406
501045786442
501045786499
501045786508
501045786522
501045786525
501045786534
501045786547
501045786548
501045786560
501045786575
501045786586
501045786590
501045786624
501045786632
501045786636
501045786688
501045786689
501045786691
501045786700
501045786706
501045786707
501045786745
501045786770
501045786771
501045786784
501045786788
501045786811
501045786812
501045786817
501045786845
501045786846
501045786853
501045786899
501045786906
501045786912
501045786919
501045786925
501045786930
501045786940
501045786943
501045786944
501045786945
501045786947
501045786984
501045786996
501045787017
501045787055
501045787096
501045787103
501045787111
501045787117
501045787160
501045787162
501045787163
501045787191
501045787197
501045787214
501045787251
501045787292
501045787297
501045787302
501045787310
501045787359
501045787417
501045787420
501045787424
501045787431
501045787441
501045787449
501045787455
501045787458
501045787468
501045787484
501045787487
501045787500
501045787518
501045787541
501045787554
501045787584
501045787586
501045787599
501045787635
501045787649
501045787727
501045787790
501045787801
501045787850
501045787853
501045787962
501045787999
501045788002
501045788015
501045788016
501045788020
501045788022
501045788039
501045788057
501045788134
501045788196
501045788236
501045788239
501045788268
501045788274
501045788367
501045788390
501045788403
501045788443
501045788445
501045788450
501045788453
501045788508
501045788530
501045788538
501045788563
501045788566
501045788567
501045788576
501045788580
501045788601
501045788604
501045788666
501045788714
501045788738
501045788767
501045788779
501045788821
501045788826
501045788829
501045788847
501045788866
501045788908
501045788945
501045788986
501045788988
501045789012
501045789094
501045789095
501045789099
501045789108
501045789115
501045789117
501045789120
501045789123
501045789126
501045789130
501045789131
501045789132
501045789146
501045789147
501045789154
501045789156
501045789199
501045789216
501045789226
501045789232
501045789236
501045789238
501045789270
501045789276
501045789368