500988017026
500988017034
500988017039
500988017051
500988017059
500988017061
500988017065
500988017071
500988017076
500988017081
500988017083
500988017095
500988017103
500988017112
500988017116
500988017121
500988017146
500988017147
500988017152
500988017155
500988017158
500988017180
500988017226
500988017235
500988017239
500988017241
500988017244
500988017246
500988017257
500988017260
500988017283
500988017293
500988017318
500988017332
500988017333
500988017346
500988017352
500988017376
500988017377
500988017435
500988017443
500988017444
500988017452
500988017456
500988017489
500988017502
500988017524
500988017540
500988017549
500988017553
500988017566
500988017567
500988017620
500988017622
500988017624
500988017627
500988017648
500988017684
500988017695
500988017706
500988017707
500988017708
500988017717
500988017723
500988017736
500988017744
500988017752
500988017759
500988017780
500988017791
500988017823
500988017824
500988017825
500988017831
500988017863
500988017865
500988017884
500988017889
500988017901
500988017904
500988017905
500988017906
500988017911
500988017913
500988017915
500988017924
500988017946
500988017948
500988017966
500988017970
500988017989
