500988199005
500988199021
500988199081
500988199084
500988199088
500988199093
500988199102
500988199121
500988199131
500988199135
500988199146
500988199152
500988199162
500988199212
500988199217
500988199275
500988199276
500988199277
500988199281
500988199283
500988199297
500988199324
500988199332
500988199339
500988199350
500988199352
500988199386
500988199387
500988199388
500988199406
500988199438
500988199451
500988199455
500988199461
500988199462
500988199483
500988199484
500988199486
500988199498
500988199501
500988199503
500988199517
500988199518
500988199527
500988199529
500988199530
500988199545
500988199566
500988199575
500988199577
500988199578
500988199590
500988199593
500988199615
500988199650
500988199671
500988199672
500988199676
500988199705
500988199714
500988199716
500988199722
500988199733
500988199735
500988199736
500988199742
500988199751
500988199754
500988199764
500988199766
500988199780
500988199793
500988199878
500988199879
500988199883
500988199887
500988199888
500988199912
500988199919
500988199927
500988199928
500988199930
500988199938
500988199939
500988199941
500988199952
500988199954
500988199963
500988199967
500988199969
500988199979
500988199988
500988199996
