500988208036
500988208060
500988208078
500988208126
500988208145
500988208147
500988208166
500988208173
500988208178
500988208182
500988208200
500988208204
500988208206
500988208207
500988208210
500988208219
500988208235
500988208250
500988208254
500988208277
500988208279
500988208280
500988208283
500988208285
500988208293
500988208297
500988208305
500988208319
500988208321
500988208340
500988208343
500988208384
500988208386
500988208395
500988208398
500988208410
500988208411
500988208448
500988208467
500988208468
500988208475
500988208478
500988208512
500988208538
500988208566
500988208573
500988208584
500988208595
500988208600
500988208603
500988208652
500988208655
500988208664
500988208683
500988208686
500988208689
500988208698
500988208702
500988208715
500988208718
500988208733
500988208736
500988208740
500988208749
500988208753
500988208769
500988208791
500988208796
500988208799
500988208801
500988208803
500988208804
500988208809
500988208844
500988208851
500988208859
500988208863
500988208870
500988208917
500988208919
500988208924
500988208933
500988208935
500988208974
500988208981
500988208993
500988208994
