500988393023
500988393027
500988393032
500988393037
500988393054
500988393123
500988393127
500988393134
500988393135
500988393138
500988393140
500988393143
500988393146
500988393151
500988393155
500988393158
500988393159
500988393169
500988393171
500988393173
500988393189
500988393191
500988393192
500988393196
500988393197
500988393199
500988393210
500988393215
500988393218
500988393219
500988393220
500988393221
500988393243
500988393248
500988393255
500988393258
500988393260
500988393262
500988393265
500988393283
500988393321
500988393330
500988393334
500988393337
500988393340
500988393341
500988393347
500988393351
500988393356
500988393358
500988393373
500988393377
500988393379
500988393405
500988393409
500988393435
500988393444
500988393449
500988393478
500988393489
500988393491
500988393495
500988393520
500988393526
500988393541
500988393542
500988393552
500988393555
500988393556
500988393570
500988393571
500988393583
500988393586
500988393599
500988393602
500988393622
500988393626
500988393629
500988393631
500988393636
500988393638
500988393649
500988393654
500988393657
500988393661
500988393672
500988393675
500988393705
500988393709
500988393734
500988393739
500988393750
500988393772
500988393776
500988393782
500988393795
500988393822
500988393931
500988393933
500988393939
500988393940
500988393942
500988393949
500988393965
500988393992
