500331684087
500331684115
500331684130
500331684177
500331684211
500331684218
500331684238
500331684281
500331684294
500331684317
500331684326
500331684349
500331684365
500331684378
500331684392
500331684405
500331684419
500331684425
500331684473
500331684495
500331684516
500331684539
500331684597
500331684625
500331684670
500331684675
500331684721
500331684722
500331684728
500331684729
500331684735
500331684741
500331684758
500331684782
500331684819
500331684820
500331684824
500331684895
500331684955
500331684996
