500003064011
500003064097
500003064103
500003064124
500003064148
500003064150
500003064155
500003064179
500003064194
500003064204
500003064211
500003064229
500003064237
500003064257
500003064262
500003064274
500003064283
500003064288
500003064289
500003064290
500003064301
500003064312
500003064313
500003064317
500003064330
500003064333
500003064340
500003064345
500003064362
500003064378
500003064393
500003064421
500003064437
500003064446
500003064451
500003064466
500003064477
500003064494
500003064497
500003064518
500003064520
500003064522
500003064532
500003064538
500003064554
500003064561
500003064567
500003064571
500003064608
500003064623
500003064624
500003064664
500003064674
500003064676
500003064679
500003064684
500003064688
500003064705
500003064764
500003064789
500003064797
500003064808
500003064823
500003064836
500003064837
500003064839
500003064873
500003064909
500003064919
500003064922
500003064927
500003064929
500003064931
500003064950
500003064952
500003064960
500003064961
500003064971
500003064986
