500003077001
500003077011
500003077013
500003077063
500003077064
500003077068
500003077091
500003077108
500003077144
500003077154
500003077176
500003077179
500003077202
500003077214
500003077226
500003077230
500003077239
500003077297
500003077311
500003077316
500003077317
500003077323
500003077327
500003077341
500003077374
500003077404
500003077454
500003077460
500003077480
500003077494
500003077501
500003077508
500003077546
500003077575
500003077577
500003077582
500003077590
500003077594
500003077599
500003077601
500003077613
500003077635
500003077638
500003077661
500003077666
500003077667
500003077669
500003077672
500003077696
500003077732
500003077736
500003077752
500003077764
500003077765
500003077774
500003077775
500003077782
500003077784
500003077787
500003077790
500003077802
500003077806
500003077812
500003077830
500003077838
500003077841
500003077846
500003077851
500003077865
500003077877
500003077878
500003077896
500003077898
500003077905
500003077922
500003077923
500003077928
500003077976
500003077978
500003077989
500003077992
