500003219000
500003219007
500003219025
500003219049
500003219058
500003219071
500003219077
500003219101
500003219106
500003219115
500003219119
500003219131
500003219141
500003219162
500003219215
500003219226
500003219243
500003219276
500003219287
500003219310
500003219311
500003219336
500003219355
500003219358
500003219371
500003219416
500003219457
500003219497
500003219510
500003219517
500003219544
500003219559
500003219569
500003219590
500003219623
500003219629
500003219661
500003219693
500003219697
500003219708
500003219717
500003219730
500003219731
500003219741
500003219782
500003219785
500003219787
500003219800
500003219804
500003219808
500003219853
500003219854
500003219873
500003219878
500003219900
500003219901
500003219919
500003219921
500003219929
500003219932
500003219951
500003219958
500003219959
500003219960
500003219972
500003219983
500003219990
