500003792000
500003792083
500003792086
500003792089
500003792110
500003792114
500003792117
500003792121
500003792125
500003792138
500003792141
500003792146
500003792149
500003792191
500003792192
500003792210
500003792227
500003792247
500003792252
500003792260
500003792283
500003792316
500003792319
500003792346
500003792351
500003792352
500003792367
500003792384
500003792413
500003792422
500003792456
500003792464
500003792485
500003792513
500003792515
500003792525
500003792530
500003792544
500003792547
500003792590
500003792611
500003792626
500003792629
500003792630
500003792655
500003792664
500003792678
500003792682
500003792711
500003792724
500003792740
500003792758
500003792764
500003792781
500003792783
500003792788
500003792841
500003792842
500003792844
500003792877
500003792932
500003792942
500003792947
500003792957
