501100571012
501100571036
501100571037
501100571051
501100571053
501100571055
501100571060
501100571063
501100571065
501100571066
501100571069
501100571070
501100571320
501100571357
501100571358
501100571359
501100571361
501100571363
501100571365
501100571367
501100571369
501100571373
501100571377
501100571457
501100571604
501100571609
501100571614
501100571622
501100571644
501100571645
501100571647
501100571649
501100571652
501100571655
501100571657
501100571659
501100571660
501100571661
501100571662
501100571693
501100571694
501100571729
501100571835
501100571836
