500963455014
500963455017
500963455019
500963455024
500963455055
500963455067
500963455091
500963455103
500963455110
500963455125
500963455141
500963455153
500963455165
500963455170
500963455173
500963455176
500963455196
500963455200
500963455203
500963455208
500963455214
500963455226
500963455281
500963455283
500963455292
500963455293
500963455301
500963455303
500963455308
500963455311
500963455316
500963455326
500963455346
500963455350
500963455352
500963455357
500963455370
500963455371
500963455373
500963455379
500963455390
500963455417
500963455421
500963455426
500963455435
500963455444
500963455445
500963455447
500963455455
500963455457
500963455461
500963455465
500963455467
500963455470
500963455471
500963455472
500963455476
500963455487
500963455493
500963455497
500963455498
500963455512
500963455516
500963455522
500963455525
500963455552
500963455555
500963455561
500963455580
500963455583
500963455587
500963455589
500963455611
500963455615
500963455618
500963455624
500963455635
500963455650
500963455666
500963455668
500963455675
500963455703
500963455712
500963455714
500963455724
500963455736
500963455743
500963455745
500963455746
500963455748
500963455752
500963455755
500963455758
500963455764
500963455765
500963455772
500963455797
500963455804
500963455806
500963455818
500963455830
500963455838
500963455850
500963455852
500963455861
500963455872
500963455876
500963455906
500963455924
500963455939
500963455947
500963455964
500963455969
500963455983
500963455984
500963455988
500963455996
