500963666001
500963666014
500963666015
500963666017
500963666019
500963666024
500963666026
500963666030
500963666036
500963666042
500963666045
500963666052
500963666058
500963666059
500963666060
500963666064
500963666092
500963666098
500963666102
500963666106
500963666116
500963666119
500963666120
500963666128
500963666129
500963666139
500963666141
500963666159
500963666184
500963666190
500963666197
500963666201
500963666206
500963666214
500963666227
500963666230
500963666239
500963666243
500963666249
500963666282
500963666284
500963666288
500963666290
500963666313
500963666335
500963666341
500963666343
500963666363
500963666366
500963666369
500963666371
500963666372
500963666401
500963666413
500963666414
500963666418
500963666421
500963666456
500963666461
500963666467
500963666471
500963666484
500963666488
500963666490
500963666499
500963666514
500963666521
500963666523
500963666525
500963666536
500963666556
500963666565
500963666581
500963666597
500963666606
500963666621
500963666628
500963666630
500963666657
500963666658
500963666687
500963666693
500963666694
500963666708
500963666714
500963666716
500963666720
500963666725
500963666727
500963666729
500963666745
500963666768
500963666770
500963666773
500963666774
500963666777
500963666780
500963666786
500963666795
500963666803
500963666809
500963666813
500963666814
500963666816
500963666817
500963666820
500963666844
500963666855
500963666863
500963666872
500963666880
500963666892
500963666894
500963666899
500963666909
500963666926
500963666930
500963666941
