500963672024
500963672028
500963672032
500963672034
500963672053
500963672054
500963672056
500963672074
500963672077
500963672083
500963672092
500963672109
500963672114
500963672121
500963672125
500963672130
500963672131
500963672132
500963672133
500963672135
500963672136
500963672140
500963672146
500963672147
500963672151
500963672153
500963672156
500963672157
500963672161
500963672187
500963672213
500963672216
500963672233
500963672273
500963672283
500963672303
500963672315
500963672319
500963672322
500963672324
500963672328
500963672331
500963672341
500963672343
500963672365
500963672377
500963672438
500963672444
500963672451
500963672458
500963672467
500963672470
500963672483
500963672495
500963672498
500963672511
500963672518
500963672530
500963672535
500963672536
500963672562
500963672584
500963672587
500963672589
500963672590
500963672666
500963672685
500963672697
500963672702
500963672706
500963672724
500963672749
500963672750
500963672753
500963672777
500963672810
500963672815
500963672892
500963672901
500963672903
500963672911
500963672927
500963672951
500963672971
500963672976
500963672985
500963672992
