500963816020
500963816024
500963816026
500963816036
500963816040
500963816041
500963816057
500963816063
500963816092
500963816100
500963816102
500963816122
500963816127
500963816131
500963816148
500963816149
500963816153
500963816155
500963816179
500963816181
500963816188
500963816191
500963816194
500963816198
500963816199
500963816200
500963816205
500963816209
500963816223
500963816252
500963816259
500963816273
500963816274
500963816283
500963816289
500963816297
500963816300
500963816303
500963816306
500963816307
500963816309
500963816311
500963816316
500963816318
500963816322
500963816328
500963816331
500963816334
500963816355
500963816365
500963816371
500963816403
500963816428
500963816434
500963816440
500963816442
500963816452
500963816454
500963816456
500963816463
500963816471
500963816472
500963816479
500963816486
500963816488
500963816490
500963816491
500963816493
500963816496
500963816500
500963816505
500963816507
500963816510
500963816516
500963816524
500963816528
500963816543
500963816545
500963816556
500963816564
500963816572
500963816579
500963816581
500963816599
500963816614
500963816618
500963816621
500963816635
500963816641
500963816648
500963816655
500963816668
500963816676
500963816697
500963816704
500963816718
500963816720
500963816721
500963816723
500963816724
500963816730
500963816740
500963816749
500963816757
500963816764
500963816803
500963816809
500963816813
500963816816
500963816821
500963816826
500963816842
500963816843
500963816861
500963816867
500963816870
500963816879
500963816902
500963816917
500963816928
500963816963
500963816966
500963816978
