501009098004
501009098051
501009098056
501009098071
501009098089
501009098122
501009098133
501009098135
501009098143
501009098149
501009098152
501009098162
501009098176
501009098218
501009098223
501009098226
501009098241
501009098259
501009098294
501009098297
501009098319
501009098332
501009098338
501009098341
501009098347
501009098354
501009098377
501009098383
501009098385
501009098392
501009098409
501009098414
501009098448
501009098453
501009098468
501009098472
501009098477
501009098483
501009098488
501009098495
501009098547
501009098581
501009098586
501009098588
501009098610
501009098616
501009098650
501009098653
501009098671
501009098686
501009098694
501009098712
501009098717
501009098741
501009098765
501009098772
501009098781
501009098790
501009098794
501009098807
501009098817
501009098819
501009098820
501009098834
501009098836
501009098861
501009098866
501009098875
501009098913
501009098919
501009098922
501009098925
501009098926
501009098934
501009098937
501009098966
501009098969
501009098971
501009098974
501009098982
