501009196002
501009196014
501009196037
501009196038
501009196041
501009196071
501009196072
501009196110
501009196115
501009196125
501009196128
501009196136
501009196187
501009196189
501009196191
501009196266
501009196271
501009196274
501009196275
501009196276
501009196279
501009196287
501009196299
501009196308
501009196328
501009196370
501009196371
501009196378
501009196386
501009196392
501009196405
501009196408
501009196412
501009196447
501009196453
501009196460
501009196462
501009196473
501009196523
501009196528
501009196543
501009196554
501009196563
501009196573
501009196620
501009196630
501009196633
501009196671
501009196681
501009196683
501009196686
501009196689
501009196693
501009196697
501009196749
501009196754
501009196758
501009196767
501009196776
501009196793
501009196841
501009196853
501009196873
501009196877
501009196881
501009196887
501009196889
501009196895
501009196899
501009196908
501009196911
501009196913
501009196914
501009196915
501009196918
501009196929
501009196932
501009196936
501009196938
501009196947
501009196951
501009196981
501009196984
501009196987
501009196994
