501009417005
501009417006
501009417017
501009417018
501009417040
501009417058
501009417061
501009417070
501009417078
501009417084
501009417095
501009417098
501009417100
501009417103
501009417111
501009417113
501009417120
501009417151
501009417164
501009417166
501009417176
501009417200
501009417230
501009417233
501009417292
501009417294
501009417301
501009417305
501009417306
501009417326
501009417362
501009417368
501009417376
501009417386
501009417387
501009417392
501009417393
501009417397
501009417399
501009417405
501009417433
501009417435
501009417440
501009417441
501009417453
501009417460
501009417463
501009417465
501009417468
501009417472
501009417475
501009417479
501009417500
501009417502
501009417504
501009417524
501009417528
501009417532
501009417547
501009417549
501009417558
501009417577
501009417589
501009417593
501009417598
501009417609
501009417615
501009417617
501009417621
501009417624
501009417644
501009417648
501009417669
501009417692
501009417700
501009417704
501009417734
501009417751
501009417763
501009417764
501009417765
501009417771
501009417791
501009417801
501009417804
501009417808
501009417830
501009417844
501009417845
501009417850
501009417852
501009417856
501009417858
501009417860
501009417862
501009417872
501009417877
501009417916
501009417923
501009417932
501009417944
501009417964
501009417999
