501009468045
501009468046
501009468052
501009468055
501009468064
501009468067
501009468070
501009468071
501009468080
501009468087
501009468088
501009468091
501009468098
501009468106
501009468107
501009468118
501009468136
501009468147
501009468173
501009468176
501009468226
501009468233
501009468237
501009468253
501009468305
501009468364
501009468400
501009468401
501009468405
501009468412
501009468426
501009468437
501009468439
501009468442
501009468469
501009468481
501009468484
501009468493
501009468495
501009468512
501009468516
501009468521
501009468527
501009468529
501009468532
501009468534
501009468542
501009468567
501009468572
501009468577
501009468581
501009468608
501009468624
501009468626
501009468637
501009468639
501009468671
501009468683
501009468693
501009468700
501009468701
501009468707
501009468712
501009468717
501009468740
501009468746
501009468748
501009468753
501009468757
501009468762
501009468764
501009468766
501009468773
501009468778
501009468794
501009468795
501009468819
501009468836
501009468842
501009468844
501009468853
501009468857
501009468875
501009468880
501009468883
501009468938
501009468941
501009468944
501009468950
501009468952
501009468979
501009468980
501009468985
