501009519004
501009519006
501009519012
501009519036
501009519044
501009519101
501009519130
501009519166
501009519171
501009519186
501009519208
501009519246
501009519279
501009519294
501009519296
501009519299
501009519319
501009519333
501009519352
501009519354
501009519393
501009519398
501009519416
501009519449
501009519460
501009519465
501009519512
501009519527
501009519536
501009519538
501009519553
501009519570
501009519650
501009519656
501009519676
501009519684
501009519687
501009519696
501009519702
501009519707
501009519720
501009519722
501009519728
501009519800
501009519816
501009519819
501009519842
501009519851
501009519864
501009519865
501009519871
501009519874
501009519907
501009519911
501009519916
501009519930
501009519957
501009519976
501009519987
