501009594006
501009594009
501009594012
501009594016
501009594019
501009594024
501009594054
501009594070
501009594080
501009594082
501009594084
501009594099
501009594129
501009594131
501009594142
501009594150
501009594159
501009594163
501009594168
501009594206
501009594220
501009594221
501009594224
501009594225
501009594226
501009594235
501009594238
501009594241
501009594244
501009594261
501009594263
501009594268
501009594270
501009594278
501009594288
501009594294
501009594302
501009594303
501009594322
501009594332
501009594333
501009594335
501009594341
501009594346
501009594352
501009594355
501009594357
501009594359
501009594364
501009594382
501009594394
501009594433
501009594443
501009594463
501009594479
501009594482
501009594493
501009594513
501009594523
501009594531
501009594534
501009594536
501009594566
501009594576
501009594591
501009594636
501009594646
501009594658
501009594659
501009594666
501009594686
501009594688
501009594693
501009594700
501009594708
501009594718
501009594720
501009594757
501009594782
501009594830
501009594832
501009594834
501009594837
501009594843
501009594854
501009594872
501009594879
501009594880
501009594882
501009594907
501009594915
501009594930
501009594936
501009594937
501009594939
501009594940
501009594957
501009594976
501009594977
