501009600001
501009600002
501009600005
501009600022
501009600024
501009600038
501009600056
501009600124
501009600129
501009600130
501009600135
501009600143
501009600158
501009600182
501009600232
501009600266
501009600268
501009600269
501009600278
501009600287
501009600304
501009600323
501009600344
501009600356
501009600388
501009600394
501009600398
501009600403
501009600414
501009600415
501009600417
501009600418
501009600422
501009600474
501009600483
501009600491
501009600526
501009600528
501009600530
501009600545
501009600573
501009600574
501009600607
501009600621
501009600624
501009600644
501009600664
501009600666
501009600668
501009600672
501009600674
501009600680
501009600683
501009600699
501009600718
501009600741
501009600749
501009600775
501009600790
501009600793
501009600797
501009600805
501009600817
501009600839
501009600844
501009600854
501009600858
501009600863
501009600870
501009600873
501009600889
501009600924
501009600931
501009600938
501009600946
501009600947
501009600963
501009600978
501009600998
