501009772007
501009772026
501009772033
501009772036
501009772073
501009772076
501009772078
501009772083
501009772108
501009772114
501009772115
501009772125
501009772127
501009772139
501009772141
501009772142
501009772143
501009772146
501009772167
501009772169
501009772175
501009772189
501009772197
501009772198
501009772211
501009772220
501009772222
501009772237
501009772240
501009772242
501009772250
501009772253
501009772264
501009772275
501009772292
501009772296
501009772297
501009772302
501009772312
501009772324
501009772332
501009772336
501009772354
501009772361
501009772365
501009772368
501009772381
501009772396
501009772397
501009772399
501009772441
501009772456
501009772466
501009772476
501009772483
501009772511
501009772525
501009772530
501009772533
501009772534
501009772536
501009772537
501009772542
501009772543
501009772545
501009772551
501009772615
501009772622
501009772625
501009772637
501009772644
501009772652
501009772658
501009772666
501009772670
501009772686
501009772687
501009772690
501009772694
501009772698
501009772714
501009772716
501009772728
501009772736
501009772739
501009772752
501009772771
501009772778
501009772798
501009772802
501009772806
501009772807
501009772820
501009772837
501009772839
501009772841
501009772844
501009772847
501009772870
501009772885
501009772895
501009772925
501009772933
501009772947
501009772949
501009772952
501009772967
501009772974
501009772991
