501009819016
501009819021
501009819030
501009819045
501009819047
501009819059
501009819066
501009819096
501009819098
501009819101
501009819102
501009819111
501009819143
501009819146
501009819153
501009819157
501009819161
501009819164
501009819168
501009819177
501009819186
501009819203
501009819206
501009819215
501009819218
501009819220
501009819221
501009819239
501009819263
501009819265
501009819276
501009819283
501009819295
501009819297
501009819301
501009819309
501009819312
501009819313
501009819320
501009819334
501009819342
501009819350
501009819358
501009819361
501009819398
501009819412
501009819414
501009819434
501009819438
501009819469
501009819470
501009819472
501009819481
501009819483
501009819499
501009819508
501009819526
501009819562
501009819570
501009819575
501009819581
501009819590
501009819596
501009819597
501009819599
501009819600
501009819602
501009819603
501009819605
501009819613
501009819617
501009819619
501009819621
501009819623
501009819624
501009819626
501009819634
501009819641
501009819647
501009819652
501009819677
501009819688
501009819692
501009819693
501009819699
501009819701
501009819702
501009819704
501009819750
501009819752
501009819757
501009819770
501009819777
501009819786
501009819787
501009819790
501009819792
501009819797
501009819801
501009819813
501009819816
501009819835
501009819840
501009819841
501009819842
501009819868
501009819870
501009819887
501009819888
501009819896
501009819903
501009819905
501009819906
501009819915
501009819918
501009819950
501009819968
501009819982
501009819994
