500956086023
500956086024
500956086026
500956086028
500956086031
500956086043
500956086046
500956086062
500956086064
500956086080
500956086099
500956086103
500956086107
500956086114
500956086116
500956086117
500956086125
500956086130
500956086131
500956086145
500956086153
500956086154
500956086187
500956086200
500956086203
500956086206
500956086207
500956086210
500956086211
500956086212
500956086214
500956086216
500956086219
500956086221
500956086226
500956086230
500956086233
500956086234
500956086238
500956086241
500956086248
500956086252
500956086255
500956086263
500956086266
500956086288
500956086300
500956086309
500956086313
500956086846
500956086849
500956086851
500956086853
500956086867
500956086870
500956086888
500956086891
500956086965
500956086969
500956086983
