500956196009
500956196013
500956196019
500956196024
500956196029
500956196039
500956196043
500956196045
500956196046
500956196058
500956196062
500956196078
500956196079
500956196080
500956196082
500956196084
500956196090
500956196093
500956196095
500956196118
500956196126
500956196135
500956196155
500956196162
500956196164
500956196174
500956196180
500956196186
500956196188
500956196190
500956196194
500956196232
500956196243
500956196250
500956196264
500956196265
500956196268
500956196271
500956196273
500956196278
500956196284
500956196285
500956196292
500956196296
500956196297
500956196307
500956196318
500956196320
500956196321
500956196359
500956196376
500956196382
500956196383
500956196393
500956196396
500956196399
500956196401
500956196403
500956196405
500956196408
500956196410
500956196415
500956196418
500956196420
500956196422
500956196424
500956196428
500956196430
500956196431
500956196493
500956196494
500956196497
500956196503
500956196508
500956196514
500956196520
500956196524
500956196528
500956196529
500956196534
500956196536
500956196538
500956196541
500956196543
500956196547
500956196552
500956196559
500956196560
500956196562
500956196585
500956196614
500956196617
500956196622
500956196632
500956196640
500956196645
500956196647
500956196656
500956196672
500956196679
500956196683
500956196721
500956196728
500956196733
500956196741
500956196775
500956196784
500956196790
500956196792
500956196796
500956196805
500956196808
500956196812
500956196815
500956196838
500956196840
500956196860
500956196866
500956196875
500956196885
500956196888
500956196911
500956196912
500956196916
500956196917
500956196927
500956196928
500956196931
500956196934
500956196935
500956196936
500956196938
500956196941
500956196942
500956196945
500956196946
500956196948
500956196952
500956196955
500956196956
500956196962
500956196964
500956196966
500956196967
500956196969
500956196991
500956196999
