500956292001
500956292005
500956292007
500956292010
500956292022
500956292029
500956292030
500956292047
500956292048
500956292049
500956292050
500956292054
500956292058
500956292059
500956292074
500956292075
500956292079
500956292089
500956292090
500956292092
500956292096
500956292100
500956292101
500956292104
500956292109
500956292110
500956292125
500956292142
500956292146
500956292148
500956292149
500956292154
500956292168
500956292171
500956292178
500956292190
500956292193
500956292216
500956292217
500956292226
500956292233
500956292239
500956292250
500956292253
500956292254
500956292257
500956292273
500956292274
500956292289
500956292296
500956292310
500956292344
500956292348
500956292361
500956292367
500956292375
500956292385
500956292388
500956292393
500956292426
500956292434
500956292439
500956292444
500956292450
500956292457
500956292471
500956292481
500956292483
500956292494
500956292495
500956292497
500956292511
500956292523
500956292524
500956292528
500956292536
500956292544
500956292551
500956292563
500956292569
500956292571
500956292615
500956292622
500956292623
500956292636
500956292646
500956292655
500956292672
500956292674
500956292675
500956292681
500956292682
500956292693
500956292722
500956292724
500956292728
500956292733
500956292742
500956292747
500956292773
500956292776
500956292796
500956292805
500956292810
500956292834
500956292838
500956292887
500956292888
500956292897
500956292899
500956292900
500956292905
500956292921
500956292927
500956292932
500956292935
500956292938
500956292944
500956292952
500956292954
500956292962
500956292963
500956292971
500956292973
500956292974
500956292977
500956292978
500956292991
