500956400000
500956400002
500956400004
500956400005
500956400008
500956400009
500956400012
500956400015
500956400016
500956400019
500956400020
500956400025
500956400029
500956400034
500956400037
500956400042
500956400049
500956400052
500956400059
500956400064
500956400080
500956400087
500956400092
500956400093
500956400095
500956400128
500956400130
500956400142
500956400145
500956400147
500956400152
500956400174
500956400181
500956400184
500956400187
500956400193
500956400197
500956400199
500956400200
500956400210
500956400217
500956400222
500956400225
500956400231
500956400232
500956400233
500956400236
500956400237
500956400257
500956400258
500956400263
500956400265
500956400272
500956400278
500956400284
500956400286
500956400288
500956400289
500956400290
500956400299
500956400301
500956400302
500956400304
500956400308
500956400310
500956400314
500956400316
500956400323
500956400324
500956400325
500956400329
500956400350
500956400352
500956400353
500956400354
500956400355
500956400368
500956400370
500956400371
500956400375
500956400381
500956400386
500956400388
500956400394
500956400396
500956400398
500956400436
500956400441
500956400457
500956400459
500956400461
500956400462
500956400463
500956400464
500956400465
500956400466
500956400467
500956400472
500956400475
500956400485
500956400488
500956400494
500956400495
500956400496
500956400514
500956400515
500956400521
500956400523
500956400526
500956400527
500956400528
500956400532
500956400534
500956400536
500956400538
500956400553
500956400555
500956400557
500956400559
500956400561
500956400567
500956400666
500956400667
500956400670
500956400678
500956400680
500956400686
500956400688
500956400689
500956400694
500956400697
500956400699
500956400705
500956400706
500956400709
500956400714
500956400722
500956400726
500956400735
500956400738
500956400752
500956400758
500956400768
500956400773
500956400774
500956400776
500956400780
500956400781
500956400783
500956400785
500956400791
500956400792
500956400802
500956400812
500956400820
500956400827
500956400832
500956400837
500956400850
500956400852
500956400875
500956400885
500956400891
500956400894
500956400896
500956400898
500956400917
500956400923
500956400926
500956400928
500956400930
500956400931
500956400934
500956400936
500956400938
500956400940
500956400942
500956400944
500956400975
500956400982
