500956462000
500956462002
500956462006
500956462014
500956462017
500956462024
500956462026
500956462035
500956462037
500956462043
500956462045
500956462048
500956462057
500956462065
500956462077
500956462079
500956462102
500956462127
500956462129
500956462131
500956462132
500956462140
500956462144
500956462148
500956462158
500956462159
500956462161
500956462164
500956462177
500956462182
500956462185
500956462198
500956462200
500956462201
500956462209
500956462221
500956462231
500956462234
500956462243
500956462268
500956462278
500956462290
500956462292
500956462295
500956462298
500956462302
500956462310
500956462315
500956462324
500956462328
500956462335
500956462339
500956462343
500956462348
500956462350
500956462360
500956462362
500956462368
500956462370
500956462371
500956462386
500956462390
500956462409
500956462412
500956462467
500956462468
500956462481
500956462520
500956462533
500956462545
500956462551
500956462562
500956462568
500956462571
500956462578
500956462599
500956462615
500956462616
500956462632
500956462646
500956462657
500956462665
500956462684
500956462689
500956462696
500956462697
500956462703
500956462714
500956462715
500956462731
500956462734
500956462735
500956462736
500956462744
500956462751
500956462798
500956462801
500956462807
500956462811
500956462812
500956462818
500956462822
500956462830
500956462883
500956462892
500956462893
500956462900
500956462903
500956462910
500956462918
500956462921
500956462926
500956462946
500956462947
500956462957
500956462959
500956462963
500956462965
500956462968
500956462979
500956462997
