500956498007
500956498029
500956498039
500956498045
500956498053
500956498055
500956498056
500956498060
500956498069
500956498077
500956498079
500956498080
500956498096
500956498100
500956498102
500956498107
500956498110
500956498112
500956498114
500956498118
500956498120
500956498125
500956498137
500956498150
500956498160
500956498165
500956498166
500956498172
500956498179
500956498189
500956498197
500956498216
500956498218
500956498230
500956498235
500956498239
500956498241
500956498249
500956498259
500956498288
500956498300
500956498306
500956498317
500956498322
500956498341
500956498344
500956498361
500956498363
500956498374
500956498400
500956498411
500956498418
500956498423
500956498428
500956498446
500956498448
500956498473
500956498487
500956498489
500956498492
500956498495
500956498497
500956498501
500956498513
500956498515
500956498518
500956498522
500956498525
500956498535
500956498538
500956498546
500956498551
500956498559
500956498561
500956498565
500956498567
500956498604
500956498607
500956498614
500956498617
500956498627
500956498634
500956498648
500956498649
500956498663
500956498676
500956498686
500956498690
500956498695
500956498697
500956498726
500956498729
500956498730
500956498748
500956498757
500956498759
500956498763
500956498764
500956498766
500956498768
500956498772
500956498788
500956498804
500956498815
