500956584010
500956584013
500956584019
500956584043
500956584060
500956584063
500956584065
500956584072
500956584085
500956584100
500956584123
500956584126
500956584130
500956584142
500956584146
500956584151
500956584153
500956584166
500956584174
500956584177
500956584187
500956584189
500956584198
500956584211
500956584213
500956584216
500956584221
500956584229
500956584230
500956584238
500956584240
500956584241
500956584244
500956584251
500956584258
500956584277
500956584279
500956584293
500956584296
500956584301
500956584307
500956584834
500956584862
500956584871
500956584876
500956584882
500956584884
500956584891
500956584902
500956584910
500956584919
500956584929
500956584943
500956584949
500956584982
500956584993
500956584998
