500956628007
500956628012
500956628027
500956628041
500956628045
500956628047
500956628049
500956628058
500956628061
500956628066
500956628068
500956628084
500956628087
500956628088
500956628098
500956628108
500956628109
500956628129
500956628131
500956628135
500956628138
500956628140
500956628155
500956628163
500956628165
500956628179
500956628182
500956628201
500956628235
500956628238
500956628246
500956628247
500956628249
500956628251
500956628272
500956628321
500956628332
500956628338
500956628345
500956628348
500956628354
500956628364
500956628367
500956628396
500956628399
500956628403
500956628415
500956628435
500956628440
500956628449
500956628451
500956628453
500956628473
500956628480
500956628485
500956628525
500956628526
500956628528
500956628548
500956628550
500956628555
500956628563
500956628564
500956628566
500956628580
500956628597
500956628603
500956628605
500956628611
500956628612
500956628614
500956628625
500956628628
500956628650
500956628653
500956628656
500956628660
500956628707
500956628713
500956628722
500956628745
500956628764
500956628765
500956628782
500956628800
500956628807
500956628810
500956628814
500956628820
500956628829
500956628848
500956628865
500956628868
500956628871
500956628895
500956628896
500956628902
500956628917
500956628920
500956628951
500956628960
500956628967
500956628971
