500956712004
500956712010
500956712011
500956712014
500956712018
500956712029
500956712047
500956712055
500956712059
500956712061
500956712063
500956712065
500956712074
500956712076
500956712105
500956712106
500956712126
500956712130
500956712138
500956712148
500956712152
500956712167
500956712172
500956712179
500956712180
500956712183
500956712188
500956712198
500956712200
500956712229
500956712232
500956712244
500956712246
500956712251
500956712254
500956712255
500956712295
500956712307
500956712309
500956712311
500956712318
500956712320
500956712329
500956712343
500956712348
500956712369
500956712372
500956712373
500956712374
500956712375
500956712387
500956712393
500956712394
500956712396
500956712399
500956712401
500956712404
500956712405
500956712409
500956712413
500956712418
500956712420
500956712454
500956712456
500956712460
500956712473
500956712474
500956712476
500956712477
500956712479
500956712481
500956712483
500956712489
500956712491
500956712492
500956712498
500956712512
500956712524
500956712530
500956712534
500956712538
500956712540
500956712542
500956712548
500956712556
500956712559
500956712572
500956712573
500956712578
500956712581
500956712582
500956712583
500956712586
500956712613
500956712617
500956712642
500956712654
500956712657
500956712662
500956712665
500956712668
500956712674
500956712678
500956712693
500956712696
500956712697
500956712702
500956712712
500956712722
500956712723
500956712727
500956712744
500956712769
500956712773
500956712777
500956712783
500956712784
500956712804
500956712811
500956712812
500956712813
500956712816
500956712818
500956712821
500956712835
500956712853
500956712859
500956712861
500956712862
500956712865
500956712867
500956712880
500956712883
500956712886
500956712888
500956712894
500956712896
500956712898
500956712904
500956712916
500956712919
500956712922
500956712927
500956712930
500956712938
500956712942
500956712946
500956712969
500956712972
500956712974
500956712983
500956712994
500956712996
