500956857009
500956857010
500956857018
500956857027
500956857032
500956857038
500956857042
500956857067
500956857077
500956857082
500956857085
500956857089
500956857093
500956857098
500956857101
500956857138
500956857146
500956857163
500956857173
500956857177
500956857180
500956857183
500956857187
500956857188
500956857190
500956857219
500956857230
500956857232
500956857235
500956857267
500956857270
500956857273
500956857282
500956857285
500956857290
500956857303
500956857305
500956857310
500956857313
500956857322
500956857325
500956857326
500956857330
500956857331
500956857333
500956857336
500956857338
500956857343
500956857360
500956857362
500956857365
500956857366
500956857386
500956857417
500956857443
500956857445
500956857447
500956857451
500956857456
500956857475
500956857482
500956857489
500956857490
500956857497
500956857501
500956857507
500956857509
500956857527
500956857538
500956857554
500956857572
500956857576
500956857577
500956857579
500956857598
500956857599
500956857614
500956857625
500956857632
500956857641
500956857650
500956857658
500956857691
500956857692
500956857695
500956857697
500956857703
500956857717
500956857718
500956857730
500956857733
500956857737
500956857743
500956857752
500956857760
500956857764
500956857775
500956857778
500956857781
500956857782
500956857786
500956857810
500956857814
500956857821
500956857822
500956857840
500956857843
500956857846
500956857850
500956857853
500956857859
500956857861
500956857877
500956857895
500956857899
500956857901
500956857910
500956857917
500956857920
500956857951
500956857952
500956857956
500956857963
500956857967
500956857975
500956857977
500956857992
