500956861005
500956861006
500956861007
500956861009
500956861011
500956861013
500956861028
500956861038
500956861043
500956861062
500956861063
500956861071
500956861073
500956861076
500956861077
500956861078
500956861080
500956861084
500956861085
500956861086
500956861102
500956861104
500956861124
500956861129
500956861132
500956861139
500956861150
500956861169
500956861170
500956861183
500956861184
500956861192
500956861201
500956861203
500956861204
500956861208
500956861213
500956861214
500956861215
500956861218
500956861221
500956861223
500956861224
500956861226
500956861227
500956861228
500956861230
500956861233
500956861235
500956861246
500956861247
500956861249
500956861254
500956861257
500956861265
500956861274
500956861276
500956861278
500956861279
500956861283
500956861292
500956861299
500956861307
500956861311
500956861316
500956861320
500956861322
500956861324
500956861327
500956861336
500956861339
500956861359
500956861368
500956861384
500956861388
500956861399
500956861401
500956861405
500956861425
500956861429
500956861431
500956861432
500956861436
500956861437
500956861438
500956861444
500956861459
500956861466
500956861475
500956861476
500956861497
500956861515
500956861517
500956861519
500956861527
500956861530
500956861540
500956861542
500956861562
500956861575
500956861581
500956861603
500956861624
500956861634
500956861639
500956861640
500956861644
500956861654
500956861664
500956861672
500956861679
500956861680
500956861681
500956861685
500956861692
500956861707
500956861721
500956861722
500956861750
500956861755
500956861771
500956861773
500956861775
500956861776
500956861779
500956861792
500956861799
500956861805
500956861807
500956861808
500956861810
500956861815
500956861817
500956861826
500956861830
500956861842
500956861858
500956861864
500956861865
500956861877
500956861901
500956861912
500956861920
500956861928
500956861931
500956861932
500956861933
500956861936
500956861939
500956861941
500956861968
500956861970
500956861992
500956861995
