500956895005
500956895010
500956895022
500956895024
500956895025
500956895032
500956895034
500956895035
500956895067
500956895070
500956895072
500956895075
500956895079
500956895083
500956895086
500956895087
500956895089
500956895099
500956895107
500956895116
500956895118
500956895139
500956895140
500956895143
500956895148
500956895154
500956895156
500956895172
500956895174
500956895176
500956895198
500956895202
500956895203
500956895213
500956895219
500956895223
500956895232
500956895240
500956895243
500956895246
500956895250
500956895258
500956895265
500956895266
500956895268
500956895274
500956895278
500956895283
500956895284
500956895294
500956895301
500956895310
500956895328
500956895336
500956895352
500956895354
500956895355
500956895390
500956895404
500956895406
500956895407
500956895439
500956895445
500956895473
500956895494
500956895515
500956895525
500956895530
500956895538
500956895541
500956895544
500956895546
500956895585
500956895590
500956895596
500956895599
500956895619
500956895621
500956895637
500956895639
500956895644
500956895646
500956895649
500956895679
500956895721
500956895722
500956895731
500956895734
500956895745
500956895746
500956895749
500956895757
500956895758
500956895775
500956895779
500956895780
500956895785
500956895795
