500956977001
500956977003
500956977005
500956977007
500956977065
500956977070
500956977078
500956977080
500956977105
500956977109
500956977119
500956977137
500956977139
500956977140
500956977149
500956977151
500956977167
500956977173
500956977175
500956977178
500956977181
500956977185
500956977193
500956977197
500956977201
500956977217
500956977224
500956977225
500956977236
500956977250
500956977266
500956977270
500956977271
500956977281
500956977284
500956977287
500956977293
500956977298
500956977310
500956977313
500956977324
500956977325
500956977331
500956977339
500956977349
500956977352
500956977356
500956977360
500956977363
500956977365
500956977369
500956977383
500956977402
500956977403
500956977406
500956977407
500956977424
500956977433
500956977525
500956977546
500956977548
500956977557
500956977566
500956977568
500956977570
500956977573
500956977591
500956977598
500956977608
500956977611
500956977615
500956977620
500956977627
500956977637
500956977651
500956977663
500956977667
500956977678
500956977680
500956977692
500956977696
500956977707
500956977711
500956977714
500956977730
500956977739
500956977741
500956977759
500956977772
500956977776
500956977792
500956977793
500956977795
500956977797
500956977799
500956977801
500956977805
500956977807
500956977813
500956977818
500956977822
500956977825
500956977851
500956977855
500956977859
500956977867
500956977872
500956977874
500956977892
500956977906
500956977907
500956977927
500956977931
500956977938
500956977940
500956977942
500956977943
500956977974
500956977988
500956977995
