500968017001
500968017007
500968017034
500968017077
500968017088
500968017127
500968017149
500968017194
500968017203
500968017206
500968017244
500968017275
500968017280
500968017282
500968017285
500968017336
500968017355
500968017422
500968017424
500968017426
500968017437
500968017442
500968017467
500968017558
500968017570
500968017633
500968017702
500968017704
500968017709
500968017711
500968017716
500968017754
500968017762
500968017792
500968017826
500968017861
500968017863
500968017874
500968017878
500968017909
500968017950
500968017977
500968017981
500968017985
500968017986
500968017993
