500968147003
500968147013
500968147015
500968147021
500968147023
500968147038
500968147054
500968147077
500968147082
500968147085
500968147099
500968147107
500968147109
500968147126
500968147127
500968147131
500968147148
500968147183
500968147206
500968147208
500968147211
500968147226
500968147228
500968147252
500968147270
500968147282
500968147309
500968147310
500968147347
500968147358
500968147387
500968147388
500968147486
500968147498
500968147507
500968147511
500968147512
500968147522
500968147528
500968147533
500968147555
500968147562
500968147571
500968147596
500968147597
500968147605
500968147634
500968147636
500968147656
500968147666
500968147670
500968147718
500968147734
500968147743
500968147744
500968147766
500968147773
500968147774
500968147803
500968147808
500968147831
500968147861
500968147886
500968147922
500968147979
500968147980
