500968188007
500968188033
500968188127
500968188132
500968188197
500968188208
500968188219
500968188221
500968188239
500968188280
500968188400
500968188408
500968188410
500968188412
500968188467
500968188472
500968188491
500968188500
500968188586
500968188598
500968188605
500968188619
500968188630
500968188640
500968188686
500968188704
500968188715
500968188717
500968188719
500968188754
500968188755
500968188804
500968188806
500968188807
500968188810
500968188814
500968188819
500968188825
500968188830
500968188836
500968188839
500968188842
500968188849
500968188870
500968188873
500968188875
500968188913
500968188927
500968188945
500968188950
