500968203010
500968203066
500968203100
500968203110
500968203142
500968203154
500968203181
500968203196
500968203209
500968203217
500968203224
500968203225
500968203229
500968203235
500968203275
500968203278
500968203298
500968203333
500968203337
500968203338
500968203342
500968203345
500968203348
500968203368
500968203405
500968203442
500968203482
500968203483
500968203490
500968203491
500968203497
500968203521
500968203524
500968203529
500968203534
500968203539
500968203542
500968203543
500968203544
500968203564
500968203567
500968203575
500968203640
500968203641
500968203669
500968203683
500968203690
500968203698
500968203767
500968203771
500968203819
500968203843
500968203846
500968203861
500968203951
500968203952
500968203960
