500968414081
500968414086
500968414090
500968414100
500968414127
500968414135
500968414158
500968414189
500968414196
500968414199
500968414221
500968414223
500968414225
500968414244
500968414276
500968414301
500968414374
500968414383
500968414387
500968414420
500968414422
500968414442
500968414474
500968414485
500968414503
500968414505
500968414537
500968414554
500968414584
500968414586
500968414609
500968414650
500968414651
500968414661
500968414718
500968414723
500968414745
500968414882
500968414903
500968414908
500968414912
500968414920
500968414921
500968414924
500968414929
500968414934
500968414937
500968414941
500968414947
500968414958
