500968775000
500968775006
500968775013
500968775019
500968775033
500968775037
500968775039
500968775042
500968775047
500968775073
500968775074
500968775097
500968775098
500968775109
500968775111
500968775116
500968775121
500968775134
500968775138
500968775154
500968775158
500968775172
500968775174
500968775183
500968775196
500968775199
500968775200
500968775217
500968775218
500968775231
500968775232
500968775243
500968775251
500968775262
500968775265
500968775277
500968775288
500968775291
500968775306
500968775309
500968775350
500968775361
500968775369
500968775370
500968775373
500968775379
500968775380
500968775382
500968775384
500968775386
500968775387
500968775388
500968775389
500968775394
500968775404
500968775418
500968775422
500968775445
500968775452
500968775460
500968775504
500968775507
500968775514
500968775519
500968775523
500968775528
500968775533
500968775535
500968775541
500968775547
500968775559
500968775576
500968775580
500968775581
500968775586
500968775589
500968775593
500968775602
500968775617
500968775620
500968775625
500968775630
500968775634
500968775635
500968775637
500968775653
500968775663
500968775666
500968775668
500968775686
500968775709
500968775716
500968775729
500968775732
500968775745
500968775746
500968775758
500968775765
500968775769
500968775774
500968775776
500968775797
500968775805
500968775845
500968775847
500968775855
500968775900
500968775909
500968775969
500968775972
500968775974
500968775978
