500968890004
500968890020
500968890038
500968890039
500968890042
500968890045
500968890050
500968890062
500968890065
500968890102
500968890118
500968890120
500968890121
500968890130
500968890137
500968890143
500968890144
500968890153
500968890187
500968890209
500968890233
500968890247
500968890255
500968890267
500968890275
500968890277
500968890321
500968890330
500968890384
500968890400
500968890457
500968890498
500968890532
500968890567
500968890574
500968890575
500968890576
500968890589
500968890606
500968890641
500968890647
500968890654
500968890656
500968890659
500968890687
500968890692
500968890720
500968890735
500968890736
500968890794
500968890803
500968890842
500968890846
500968890860
500968890863
500968890889
500968890937
500968890981
500968890983
