500968978008
500968978019
500968978030
500968978033
500968978050
500968978066
500968978096
500968978102
500968978105
500968978138
500968978165
500968978169
500968978174
500968978190
500968978200
500968978224
500968978242
500968978245
500968978248
500968978251
500968978281
500968978301
500968978306
500968978349
500968978355
500968978358
500968978372
500968978484
500968978504
500968978506
500968978520
500968978521
500968978567
500968978576
500968978595
500968978607
500968978616
500968978618
500968978637
500968978643
500968978644
500968978646
500968978655
500968978656
500968978659
500968978732
500968978733
500968978745
500968978757
500968978760
500968978781
500968978803
500968978819
