500968994055
500968994056
500968994057
500968994058
500968994075
500968994097
500968994101
500968994111
500968994120
500968994129
500968994137
500968994224
500968994248
500968994273
500968994280
500968994288
500968994291
500968994294
500968994304
500968994308
500968994336
500968994373
500968994374
500968994381
500968994428
500968994435
500968994443
500968994448
500968994460
500968994467
500968994476
500968994508
500968994530
500968994534
500968994539
500968994553
500968994581
500968994582
500968994586
500968994589
500968994592
500968994605
500968994609
500968994676
500968994680
500968994711
500968994715
500968994717
500968994720
500968994724
500968994754
500968994756
500968994763
500968994765
500968994771
500968994798
500968994802
500968994807
500968994809
500968994810
500968994818
500968994981
500968994991
500968994998
