501035099005
501035099020
501035099024
501035099037
501035099061
501035099106
501035099135
501035099136
501035099140
501035099209
501035099238
501035099240
501035099248
501035099275
501035099292
501035099307
501035099332
501035099350
501035099385
501035099392
501035099420
501035099427
501035099461
501035099526
501035099594
501035099615
501035099650
501035099678
501035099681
501035099753
501035099762
501035099767
501035099806
501035099818
501035099825
501035099837
501035099857
501035099910
501035099936
