501035146001
501035146018
501035146031
501035146035
501035146069
501035146202
501035146233
501035146298
501035146322
501035146344
501035146371
501035146385
501035146391
501035146401
501035146478
501035146488
501035146504
501035146578
501035146640
501035146654
501035146669
501035146670
501035146677
501035146694
501035146715
501035146754
501035146760
501035146763
501035146769
501035146774
501035146779
501035146785
501035146843
501035146865
501035146872
501035146909
501035146932
501035146957
501035146965
