501035350010
501035350060
501035350085
501035350087
501035350103
501035350119
501035350152
501035350250
501035350283
501035350365
501035350401
501035350406
501035350418
501035350441
501035350462
501035350473
501035350484
501035350563
501035350594
501035350597
501035350620
501035350687
501035350695
501035350700
501035350703
501035350711
501035350756
501035350770
501035350775
501035350779
501035350792
501035350811
501035350862
501035350902
501035350907
501035350916
501035350923
501035350924
501035350948
