501035408020
501035408022
501035408023
501035408024
501035408027
501035408054
501035408104
501035408148
501035408172
501035408204
501035408253
501035408260
501035408297
501035408301
501035408327
501035408329
501035408374
501035408400
501035408402
501035408520
501035408522
501035408608
501035408626
501035408627
501035408629
501035408662
501035408684
501035408728
501035408787
501035408837
501035408855
501035408897
501035408899
501035408902
501035408906
501035408917
501035408920
501035408923
501035408926
501035408932
501035408933
501035408938
501035408946
501035408948
501035408961
501035408963
501035408971
501035408973
501035408991
