501041243001
501041243005
501041243066
501041243123
501041243128
501041243138
501041243156
501041243161
501041243168
501041243179
501041243184
501041243189
501041243206
501041243215
501041243259
501041243281
501041243321
501041243324
501041243335
501041243340
501041243349
501041243366
501041243374
501041243378
501041243399
501041243407
501041243419
501041243444
501041243445
501041243474
501041243476
501041243479
501041243504
501041243510
501041243535
501041243544
501041243550
501041243580
501041243584
501041243591
501041243600
501041243606
501041243609
501041243610
501041243650
501041243664
501041243668
501041243671
501041243673
501041243678
501041243714
501041243718
501041243725
501041243758
501041243768
501041243770
501041243772
501041243774
501041243777
501041243779
501041243782
501041243843
501041243844
501041243847
501041243894
501041243899
501041243911
501041243923
501041243945
501041243982
