501041488005
501041488008
501041488009
501041488011
501041488013
501041488016
501041488023
501041488052
501041488073
501041488094
501041488131
501041488157
501041488174
501041488175
501041488177
501041488235
501041488245
501041488305
501041488413
501041488499
501041488570
501041488649
501041488681
501041488744
501041488770
501041488776
501041488780
501041488797
501041488809
501041488813
501041488831
501041488890
501041488892
501041488898
501041488899
501041488908
501041488921
501041488960
501041488973
