501041521090
501041521095
501041521097
501041521117
501041521124
501041521203
501041521235
501041521269
501041521273
501041521280
501041521283
501041521368
501041521386
501041521420
501041521422
501041521433
501041521436
501041521455
501041521465
501041521486
501041521498
501041521500
501041521521
501041521555
501041521576
501041521620
501041521690
501041521692
501041521710
501041521755
501041521757
501041521763
501041521789
501041521790
501041521809
501041521839
501041521842
501041521847
501041521850
501041521855
501041521872
501041521880
501041521888
501041521912
501041521983
