501041926090
501041926105
501041926110
501041926124
501041926125
501041926144
501041926149
501041926178
501041926192
501041926209
501041926210
501041926212
501041926220
501041926222
501041926245
501041926263
501041926280
501041926296
501041926336
501041926379
501041926403
501041926414
501041926415
501041926437
501041926470
501041926474
501041926491
501041926541
501041926549
501041926572
501041926597
501041926608
501041926613
501041926646
501041926663
501041926717
501041926726
501041926742
501041926767
501041926778
501041926800
501041926802
501041926812
501041926839
501041926853
501041926865
501041926879
501041926881
501041926891
501041926920
501041926988
501041926991
501041926992
501041926997
