500556668004
500556668006
500556668014
500556668067
500556668086
500556668122
500556668181
500556668185
500556668207
500556668217
500556668483
500556668493
500556668509
500556668527
500556668541
500556668557
500556668585
500556668594
500556668601
500556668650
500556668686
500556668697
500556668704
500556668778
500556668781
500556668783
500556668785
500556668786
500556668790
500556668794
500556668795
500556668801
500556668806
500556668832
500556668845
500556668876
500556668883
500556668954
500556668958
500556668960
500556668969
500556668983
