500847619022
500847619043
500847619131
500847619143
500847619191
500847619192
500847619209
500847619212
500847619214
500847619216
500847619219
500847619223
500847619232
500847619257
500847619262
500847619264
500847619265
500847619273
500847619297
500847619299
500847619301
500847619303
500847619304
500847619308
500847619310
500847619311
500847619373
500847619412
500847619414
500847619460
500847619537
500847619563
500847619586
500847619650
500847619668
500847619743
500847619757
500847619764
500847619786
500847619807
500847619816
500847619843
500847619909
500847619987
500847619991
500847619995
