501061084150
501061084196
501061084223
501061084232
501061084288
501061084307
501061084313
501061084314
501061084316
501061084319
501061084320
501061084349
501061084383
501061084402
501061084425
501061084429
501061084445
501061084446
501061084447
501061084448
501061084450
501061084451
501061084586
501061084613
501061084620
501061084707
501061084737
501061084841
501061084847
501061084849
501061084851
501061084853
501061084854
501061084857
501061084859
501061084863
501061084866
501061084867
501061084869
501061084870
501061084872
501061084874
501061084881
501061084882
501061084904
501061084912
501061084914
