501061949064
501061949135
501061949177
501061949184
501061949186
501061949202
501061949260
501061949391
501061949405
501061949441
501061949478
501061949616
501061949681
501061949714
501061949756
501061949757
501061949758
501061949759
501061949760
501061949761
501061949762
501061949765
501061949766
501061949772
501061949775
501061949777
501061949779
501061949781
501061949783
501061949785
501061949788
501061949791
501061949793
501061949795
501061949796
501061949797
501061949798
501061949799
501061949801
501061949802
501061949803
501061949805
501061949807
501061949808
501061949874
501061949876
501061949915
