501078036038
501078036040
501078036073
501078036177
501078036179
501078036193
501078036222
501078036235
501078036254
501078036257
501078036258
501078036259
501078036260
501078036262
501078036264
501078036273
501078036274
501078036283
501078036286
501078036288
501078036293
501078036296
501078036297
501078036302
501078036303
501078036304
501078036307
501078036341
501078036342
501078036343
501078036345
501078036346
501078036347
501078036348
501078036351
501078036353
501078036356
501078036359
501078036373
501078036374
501078036378
501078036382
501078036383
501078036388
501078036399
501078036403
501078036410
501078036411
501078036417
501078036423
501078036429
501078036436
501078036444
501078036445
501078036457
501078036459
501078036464
501078036472
501078036473
501078036474
501078036515
501078036520
501078036523
501078036525
501078036526
501078036527
501078036528
501078036529
501078036532
501078036535
501078036536
501078036537
501078036540
501078036543
501078036546
501078036548
501078036550
501078036553
501078036555
501078036559
501078036563
501078036567
501078036568
501078036570
501078036575
501078036586
501078036587
501078036588
501078036590
501078036591
501078036596
501078036599
501078036606
501078036607
501078036612
501078036613
501078036614
501078036617
501078036619
501078036623
501078036628
501078036631
501078036652
501078036666
501078036669
501078036671
501078036689
501078036695
501078036700
501078036715
501078036720
501078036726
501078036728
501078036731
501078036732
501078036734
501078036739
501078036741
501078036747
501078036755
501078036756
501078036768
501078036770
501078036771
501078036776
501078036777
501078036778
501078036780
501078036785
501078036813
501078036816
501078036820
501078036821
501078036823
501078036824
501078036827
501078036837
501078036838
501078036839
501078036841
501078036849
501078036857
501078036860
501078036862
501078036863
501078036865
501078036868
501078036876
501078036878
501078036883
501078036884
501078036885
501078036886
501078036891
501078036910
501078036911
501078036913
501078036921
501078036927
501078036928
501078036937
501078036997
