501078438009
501078438068
501078438144
501078438150
501078438157
501078438164
501078438239
501078438253
501078438288
501078438353
501078438357
501078438364
501078438370
501078438373
501078438374
501078438425
501078438451
501078438458
501078438482
501078438483
501078438484
501078438490
501078438498
501078438503
501078438552
501078438569
501078438614
501078438625
501078438631
501078438725
501078438727
501078438731
501078438733
501078438750
501078438754
501078438789
501078438807
501078438832
501078438856
501078438864
501078438881
501078438905
501078438953
