501078632149
501078632151
501078632229
501078632231
501078632508
501078632512
501078632545
501078632565
501078632574
501078632577
501078632578
501078632581
501078632589
501078632593
501078632605
501078632613
501078632620
501078632623
501078632625
501078632629
501078632633
501078632634
501078632637
501078632645
501078632650
501078632658
501078632666
501078632670
501078632676
501078632680
501078632685
501078632696
501078632703
501078632715
501078632722
501078632728
501078632729
501078632738
501078632749
501078632764
501078632769
501078632781
501078632790
501078632801
501078632804
501078632810
501078632811
501078632812
501078632817
501078632821
501078632848
501078632900
501078632955
