501078985013
501078985022
501078985103
501078985112
501078985115
501078985119
501078985123
501078985130
501078985131
501078985134
501078985137
501078985142
501078985147
501078985152
501078985157
501078985161
501078985165
501078985424
501078985441
501078985444
501078985446
501078985448
501078985449
501078985505
501078985579
501078985581
501078985583
501078985584
501078985590
501078985663
501078985689
501078985691
501078985714
501078985717
501078985724
501078985729
501078985742
501078985793
501078985803
501078985809
