500346183010
500346183014
500346183017
500346183095
500346183196
500346183316
500346183384
500346183393
500346183445
500346183458
500346183473
500346183529
500346183532
500346183584
500346183775
500346183831
500346183833
500346183860
500346183922
500346183969
500346183982
500346183996
500346183010
500346183014
500346183017
500346183095
500346183196
500346183316
500346183384
500346183393
500346183445
500346183458
500346183473
500346183529
500346183532
500346183584
500346183775
500346183831
500346183833
500346183860
500346183922
500346183969
500346183982
500346183996
