500891609049
500891609052
500891609054
500891609084
500891609154
500891609174
500891609194
500891609255
500891609275
500891609283
500891609340
500891609353
500891609372
500891609449
500891609450
500891609469
500891609484
500891609496
500891609519
500891609531
500891609537
500891609548
500891609553
500891609581
500891609591
500891609594
500891609603
500891609607
500891609608
500891609610
500891609611
500891609625
500891609631
500891609656
500891609668
500891609675
500891609678
500891609680
500891609695
500891609706
500891609718
500891609722
500891609724
500891609730
500891609734
500891609738
500891609741
500891609758
500891609776
500891609788
500891609831
500891609859
500891609888
500891609889
500891609912
500891609923
500891609932
500891609965
500891609978
