500919310139
500919310165
500919310173
500919310195
500919310245
500919310247
500919310261
500919310272
500919310279
500919310286
500919310300
500919310307
500919310359
500919310387
500919310412
500919310417
500919310465
500919310479
500919310483
500919310491
500919310495
500919310502
500919310507
500919310508
500919310510
500919310513
500919310516
500919310530
500919310537
500919310554
500919310557
500919310560
500919310569
500919310571
500919310586
500919310588
500919310590
500919310595
500919310604
500919310609
500919310613
500919310619
500919310699
500919310723
500919310740
500919310751
500919310769
