500919792041
500919792074
500919792098
500919792103
500919792118
500919792134
500919792137
500919792144
500919792160
500919792162
500919792184
500919792204
500919792260
500919792291
500919792322
500919792343
500919792346
500919792357
500919792368
500919792382
500919792395
500919792396
500919792428
500919792455
500919792457
500919792480
500919792522
500919792541
500919792553
500919792584
500919792593
500919792613
500919792624
500919792631
500919792649
500919792661
500919792675
500919792680
500919792703
500919792727
500919792739
500919792785
500919792787
