500984251022
500984251023
500984251032
500984251033
500984251038
500984251044
500984251048
500984251051
500984251053
500984251069
500984251079
500984251083
500984251106
500984251110
500984251113
500984251116
500984251123
500984251175
500984251189
500984251221
500984251226
500984251235
500984251239
500984251278
500984251289
500984251295
500984251300
500984251307
500984251310
500984251337
500984251339
500984251340
500984251365
500984251371
500984251380
500984251382
500984251384
500984251406
500984251430
500984251449
500984251460
500984251466
500984251471
500984251474
500984251477
500984251479
500984251493
500984251532
500984251568
500984251572
500984251574
500984251611
500984251626
500984251631
500984251639
500984251645
500984251647
500984251650
500984251680
500984251681
500984251682
500984251685
500984251687
500984251697
500984251698
500984251707
500984251723
500984251726
500984251754
500984251756
500984251757
500984251763
500984251791
500984251798
500984251802
500984251807
500984251837
500984251841
500984251861
500984251886
500984251888
500984251890
500984251892
500984251912
500984251916
500984251918
500984251920
500984251922
500984251925
500984251961
500984251963
500984251966
