500984388002
500984388009
500984388018
500984388036
500984388038
500984388061
500984388067
500984388078
500984388109
500984388126
500984388135
500984388138
500984388142
500984388149
500984388177
500984388181
500984388184
500984388201
500984388204
500984388226
500984388258
500984388285
500984388287
500984388290
500984388298
500984388312
500984388357
500984388359
500984388381
500984388386
500984388395
500984388399
500984388400
500984388414
500984388416
500984388418
500984388437
500984388445
500984388446
500984388453
500984388465
500984388470
500984388477
500984388488
500984388489
500984388491
500984388504
500984388514
500984388545
500984388550
500984388552
500984388563
500984388564
500984388567
500984388570
500984388571
500984388575
500984388614
500984388615
500984388626
500984388628
500984388635
500984388659
500984388660
500984388662
500984388672
500984388678
500984388696
500984388698
500984388705
500984388712
500984388721
500984388741
500984388742
500984388751
500984388756
500984388758
500984388760
500984388762
500984388782
500984388784
500984388786
500984388801
500984388802
500984388846
500984388847
500984388850
500984388852
500984388888
500984388915
500984388926
500984388930
500984388934
500984388936
500984388950
500984388953
500984388958
500984388960
500984388993
500984388999
