500984517001
500984517005
500984517020
500984517026
500984517043
500984517049
500984517050
500984517059
500984517061
500984517063
500984517069
500984517071
500984517075
500984517092
500984517096
500984517098
500984517104
500984517116
500984517121
500984517139
500984517141
500984517152
500984517156
500984517169
500984517205
500984517216
500984517219
500984517230
500984517233
500984517234
500984517244
500984517249
500984517250
500984517255
500984517261
500984517291
500984517304
500984517317
500984517331
500984517333
500984517337
500984517399
500984517405
500984517408
500984517412
500984517429
500984517441
500984517442
500984517443
500984517459
500984517460
500984517475
500984517500
500984517503
500984517506
500984517513
500984517525
500984517529
500984517542
500984517544
500984517545
500984517547
500984517595
500984517604
500984517618
500984517631
500984517633
500984517635
500984517643
500984517657
500984517658
500984517663
500984517668
500984517670
500984517676
500984517682
500984517704
500984517734
500984517736
500984517739
500984517753
500984517777
500984517784
500984517786
500984517794
500984517798
500984517805
500984517812
500984517820
500984517832
500984517838
500984517845
500984517877
500984517884
500984517899
500984517900
500984517901
500984517913
500984517914
500984517933
500984517952
500984517969
500984517973
500984517979
500984517982
500984517984
