500984674003
500984674015
500984674019
500984674031
500984674041
500984674057
500984674081
500984674089
500984674094
500984674102
500984674125
500984674127
500984674130
500984674146
500984674150
500984674152
500984674200
500984674211
500984674244
500984674249
500984674259
500984674292
500984674300
500984674304
500984674309
500984674314
500984674319
500984674322
500984674332
500984674360
500984674376
500984674377
500984674380
500984674381
500984674409
500984674414
500984674415
500984674422
500984674423
500984674426
500984674428
500984674433
500984674438
500984674442
500984674454
500984674464
500984674468
500984674478
500984674482
500984674485
500984674489
500984674572
500984674574
500984674576
500984674579
500984674610
500984674611
500984674614
500984674619
500984674624
500984674634
500984674646
500984674647
500984674666
500984674678
500984674679
500984674686
500984674689
500984674692
500984674699
500984674718
500984674725
500984674726
500984674732
500984674750
500984674751
500984674762
500984674790
500984674793
500984674794
500984674796
500984674809
500984674811
500984674813
500984674816
500984674818
500984674830
500984674831
500984674862
500984674867
500984674876
500984674879
500984674882
500984674891
500984674893
500984674895
500984674901
500984674918
500984674931
500984674933
500984674948
500984674958
500984674974
500984674995
