500969003003
500969003005
500969003009
500969003020
500969003039
500969003062
500969003068
500969003073
500969003099
500969003116
500969003120
500969003122
500969003123
500969003124
500969003134
500969003154
500969003185
500969003199
500969003200
500969003208
500969003218
500969003226
500969003234
500969003261
500969003271
500969003279
500969003282
500969003284
500969003289
500969003306
500969003307
500969003338
500969003342
500969003362
500969003392
500969003393
500969003397
500969003398
500969003410
500969003421
500969003425
500969003431
500969003432
500969003440
500969003457
500969003481
500969003491
500969003497
500969003500
500969003510
500969003559
500969003563
500969003567
500969003568
500969003569
500969003571
500969003617
500969003624
500969003630
500969003636
500969003662
500969003664
500969003674
500969003685
500969003690
500969003708
500969003712
500969003715
500969003724
500969003730
500969003736
500969003743
500969003783
500969003813
500969003833
500969003853
500969003856
500969003861
500969003868
500969003871
500969003880
500969003882
500969003897
500969003906
500969003924
500969003927
500969003929
500969003942
500969003946
500969003951
500969003965
500969003967
500969003973
500969003988
500969003997
