500969111001
500969111008
500969111023
500969111044
500969111060
500969111078
500969111081
500969111085
500969111097
500969111111
500969111118
500969111146
500969111153
500969111164
500969111168
500969111193
500969111222
500969111224
500969111232
500969111245
500969111258
500969111265
500969111267
500969111268
500969111281
500969111315
500969111333
500969111339
500969111348
500969111351
500969111353
500969111372
500969111375
500969111383
500969111403
500969111411
500969111424
500969111448
500969111474
500969111476
500969111488
500969111498
500969111506
500969111508
500969111526
500969111549
500969111573
500969111580
500969111597
500969111603
500969111612
500969111615
500969111659
500969111677
500969111679
500969111690
500969111703
500969111707
500969111768
500969111770
500969111814
500969111825
500969111850
500969111858
500969111869
500969111881
500969111892
500969111909
500969111922
500969111933
500969111976
500969111979
500969111999
