500969175013
500969175029
500969175046
500969175076
500969175079
500969175089
500969175092
500969175097
500969175100
500969175119
500969175123
500969175146
500969175169
500969175172
500969175181
500969175182
500969175183
500969175184
500969175190
500969175192
500969175200
500969175203
500969175205
500969175206
500969175211
500969175214
500969175216
500969175219
500969175239
500969175241
500969175247
500969175249
500969175253
500969175264
500969175272
500969175277
500969175278
500969175282
500969175286
500969175300
500969175301
500969175322
500969175329
500969175334
500969175339
500969175340
500969175350
500969175351
500969175354
500969175355
500969175357
500969175360
500969175365
500969175366
500969175374
500969175375
500969175379
500969175380
500969175384
500969175390
500969175408
500969175409
500969175414
500969175416
500969175421
500969175435
500969175436
500969175437
500969175447
500969175448
500969175449
500969175452
500969175454
500969175456
500969175462
500969175468
500969175469
500969175475
500969175479
500969175486
500969175506
500969175534
500969175535
500969175546
500969175584
500969175638
500969175644
500969175647
500969175663
500969175666
500969175700
500969175703
500969175706
500969175716
500969175717
500969175739
500969175749
500969175760
500969175765
500969175768
500969175775
500969175777
500969175783
500969175793
500969175797
500969175802
500969175810
500969175822
500969175823
500969175826
500969175836
500969175837
500969175838
500969175849
500969175854
500969175857
500969175860
500969175866
500969175868
500969175873
500969175892
500969175915
500969175957
500969175964
500969175969
500969175993
500969175999
