500969398007
500969398014
500969398015
500969398016
500969398017
500969398020
500969398035
500969398036
500969398037
500969398040
500969398042
500969398046
500969398063
500969398080
500969398085
500969398091
500969398098
500969398142
500969398149
500969398167
500969398174
500969398191
500969398206
500969398219
500969398223
500969398234
500969398249
500969398268
500969398270
500969398287
500969398303
500969398305
500969398308
500969398318
500969398822
500969398826
500969398852
500969398856
500969398863
500969398876
500969398898
500969398904
500969398913
500969398926
500969398930
500969398932
500969398936
500969398942
500969398972
500969398973
500969398988
500969398992
500969398996
