500969461028
500969461036
500969461039
500969461044
500969461051
500969461060
500969461062
500969461069
500969461089
500969461098
500969461111
500969461118
500969461121
500969461147
500969461152
500969461163
500969461165
500969461173
500969461175
500969461209
500969461212
500969461218
500969461255
500969461262
500969461264
500969461265
500969461266
500969461279
500969461288
500969461319
500969461350
500969461355
500969461380
500969461384
500969461389
500969461394
500969461402
500969461411
500969461414
500969461415
500969461424
500969461425
500969461440
500969461451
500969461483
500969461486
500969461487
500969461490
500969461497
500969461508
500969461510
500969461524
500969461556
500969461559
500969461602
500969461604
500969461615
500969461620
500969461636
500969461641
500969461645
500969461656
500969461666
500969461679
500969461703
500969461705
500969461718
500969461719
500969461722
500969461724
500969461727
500969461754
500969461761
500969461809
500969461812
500969461814
500969461821
500969461824
500969461826
500969461831
500969461834
500969461859
500969461872
500969461878
500969461929
500969461936
500969461938
500969461946
500969461961
500969461965
500969461980
500969461992
500969461996
500969461999
