500969645255
500969645283
500969645292
500969645296
500969645326
500969645332
500969645335
500969645337
500969645338
500969645345
500969645349
500969645375
500969645378
500969645385
500969645409
500969645413
500969645443
500969645447
500969645452
500969645457
500969645471
500969645475
500969645483
500969645489
500969645499
500969645500
500969645502
500969645518
500969645530
500969645533
500969645534
500969645556
500969645571
500969645576
500969645633
500969645643
500969645645
500969645658
500969645671
500969645677
500969645688
500969645702
500969645707
500969645726
500969645748
500969645771
500969645780
500969645782
500969645840
500969645842
500969645851
500969645865
500969645870
500969645888
500969645900
500969645903
500969645904
500969645919
500969645926
500969645928
500969645930
500969645941
500969645949
500969645971
500969645976
500969645983
500969645994
