500969812002
500969812008
500969812034
500969812041
500969812058
500969812065
500969812116
500969812130
500969812199
500969812201
500969812203
500969812207
500969812208
500969812209
500969812218
500969812226
500969812241
500969812250
500969812254
500969812256
500969812257
500969812263
500969812276
500969812279
500969812294
500969812300
500969812302
500969812317
500969812327
500969812348
500969812358
500969812361
500969812369
500969812372
500969812381
500969812382
500969812393
500969812397
500969812398
500969812399
500969812401
500969812403
500969812404
500969812406
500969812408
500969812410
500969812412
500969812445
500969812450
500969812454
500969812486
500969812488
500969812494
500969812531
500969812533
500969812542
500969812580
500969812608
500969812609
500969812615
500969812627
500969812638
500969812648
500969812651
500969812657
500969812658
500969812662
500969812672
500969812714
500969812732
500969812737
500969812758
500969812763
500969812764
500969812767
500969812769
500969812771
500969812776
500969812793
500969812800
500969812811
500969812817
500969812818
500969812830
500969812849
500969812858
500969812898
500969812904
500969812910
500969812912
500969812923
500969812940
500969812941
500969812943
500969812947
500969812955
