500969885083
500969885088
500969885099
500969885104
500969885107
500969885113
500969885115
500969885123
500969885185
500969885188
500969885194
500969885197
500969885251
500969885256
500969885261
500969885263
500969885269
500969885277
500969885297
500969885298
500969885306
500969885310
500969885312
500969885316
500969885365
500969885375
500969885381
500969885386
500969885399
500969885405
500969885411
500969885413
500969885417
500969885445
500969885448
500969885451
500969885452
500969885465
500969885493
500969885505
500969885514
500969885517
500969885518
500969885521
500969885522
500969885523
500969885529
500969885552
500969885557
500969885577
500969885579
500969885583
500969885588
500969885596
500969885598
500969885605
500969885623
500969885628
500969885644
500969885647
500969885657
500969885672
500969885677
500969885680
500969885694
500969885712
500969885720
500969885734
500969885737
500969885741
500969885746
500969885796
500969885827
500969885836
500969885837
500969885843
500969885850
500969885854
500969885888
500969885895
500969885902
500969885916
500969885928
500969885934
500969885939
500969885948
500969885954
500969885956
500969885976
500969885978
500969885986
500969885988
500969885990
500969885992
500969885996
500969885999
