500969905006
500969905011
500969905019
500969905034
500969905039
500969905040
500969905064
500969905083
500969905085
500969905087
500969905108
500969905110
500969905136
500969905137
500969905139
500969905193
500969905197
500969905204
500969905266
500969905270
500969905272
500969905319
500969905322
500969905327
500969905355
500969905357
500969905370
500969905379
500969905391
500969905403
500969905405
500969905406
500969905455
500969905491
500969905508
500969905509
500969905535
500969905544
500969905581
500969905588
500969905601
500969905604
500969905606
500969905629
500969905632
500969905633
500969905641
500969905668
500969905669
500969905676
500969905685
500969905700
500969905701
500969905703
500969905708
500969905720
500969905723
500969905769
500969905773
500969905788
500969905789
500969905793
500969905794
500969905797
500969905809
500969905810
500969905867
500969905868
500969905901
500969905938
500969905942
500969905948
500969905950
500969905962
500969905967
500969905984
500969905994
