501065081026
501065081069
501065081078
501065081120
501065081121
501065081129
501065081189
501065081190
501065081191
501065081194
501065081197
501065081198
501065081199
501065081200
501065081202
501065081204
501065081209
501065081211
501065081212
501065081214
501065081334
501065081500
501065081542
501065081543
501065081545
501065081567
501065081573
501065081577
501065081672
501065081679
501065081689
501065081706
501065081708
501065081709
501065081715
501065081716
501065081717
501065081719
501065081720
501065081721
501065081722
501065081723
501065081725
501065081726
501065081727
501065081728
501065081729
501065081731
501065081734
501065081737
501065081739
501065081741
501065081742
501065081743
501065081745
501065081749
501065081751
501065081753
501065081755
501065081757
501065081759
501065081760
501065081761
501065081762
501065081763
501065081764
501065081765
501065081766
501065081767
501065081768
501065081769
501065081770
501065081772
501065081783
501065081788
501065081789
501065081790
501065081791
501065081792
501065081793
501065081794
501065081796
501065081797
501065081798
501065081799
501065081800
501065081837
501065081880
501065081940
501065081941
501065081949
501065081964
501065081966
501065081971
