500472963090
500472963180
500472963186
500472963188
500472963190
500472963193
500472963196
500472963199
500472963201
500472963210
500472963294
500472963330
500472963331
500472963341
500472963343
500472963346
500472963352
500472963355
500472963359
500472963363
500472963368
500472963370
500472963373
500472963376
500472963378
500472963416
500472963474
500472963477
500472963479
500472963523
500472963547
500472963607
500472963620
500472963622
500472963627
500472963629
500472963825
500472963931
500472963976
