500916098033
500916098047
500916098074
500916098141
500916098143
500916098144
500916098154
500916098161
500916098169
500916098223
500916098243
500916098300
500916098304
500916098317
500916098330
500916098341
500916098350
500916098361
500916098387
500916098395
500916098402
500916098406
500916098411
500916098421
500916098443
500916098447
500916098449
500916098451
500916098458
500916098465
500916098468
500916098475
500916098506
500916098507
500916098516
500916098553
500916098557
500916098558
500916098576
500916098597
500916098599
500916098640
500916098669
500916098671
500916098710
500916098724
500916098760
500916098762
500916098772
500916098787
500916098792
500916098804
500916098831
500916098846
500916098887
500916098888
500916098896
500916098918
500916098940
500916098942
