500916473001
500916473007
500916473014
500916473018
500916473034
500916473039
500916473051
500916473104
500916473120
500916473121
500916473143
500916473154
500916473169
500916473205
500916473210
500916473244
500916473255
500916473262
500916473281
500916473329
500916473418
500916473429
500916473493
500916473555
500916473567
500916473568
500916473571
500916473580
500916473585
500916473594
500916473612
500916473666
500916473672
500916473806
500916473822
500916473824
500916473886
500916473890
500916473894
500916473986
