500916649002
500916649038
500916649062
500916649100
500916649102
500916649114
500916649137
500916649143
500916649149
500916649166
500916649168
500916649227
500916649236
500916649239
500916649252
500916649257
500916649260
500916649264
500916649271
500916649276
500916649310
500916649312
500916649326
500916649340
500916649375
500916649378
500916649381
500916649388
500916649402
500916649410
500916649427
500916649482
500916649488
500916649493
500916649512
500916649513
500916649555
500916649560
500916649567
500916649574
500916649576
500916649589
500916649595
500916649596
500916649604
500916649607
500916649624
500916649646
500916649660
500916649681
500916649736
500916649744
500916649761
500916649793
500916649808
500916649812
