500916821000
500916821015
500916821019
500916821023
500916821036
500916821040
500916821067
500916821077
500916821084
500916821099
500916821124
500916821126
500916821128
500916821140
500916821151
500916821157
500916821166
500916821200
500916821206
500916821233
500916821257
500916821260
500916821266
500916821270
500916821836
500916821840
500916821851
500916821856
500916821868
500916821876
500916821922
500916821923
500916821925
500916821930
500916821936
500916821937
500916821945
500916821948
500916821950
500916821958
500916821960
500916821980
500916821982
500916821990
500916821995
