500916886331
500916886337
500916886351
500916886367
500916886376
500916886380
500916886383
500916886387
500916886389
500916886390
500916886394
500916886398
500916886400
500916886404
500916886406
500916886408
500916886410
500916886412
500916886428
500916886436
500916886448
500916886532
500916886554
500916886555
500916886558
500916886567
500916886572
500916886583
500916886594
500916886616
500916886617
500916886627
500916886661
500916886666
500916886677
500916886680
500916886695
500916886698
500916886706
500916886717
500916886721
500916886727
500916886733
500916886736
500916886738
500916886750
500916886759
500916886762
500916886766
500916886771
500916886775
500916886777
500916886792
500916886800
500916886801
