501112366016
501112366018
501112366021
501112366025
501112366028
501112366030
501112366033
501112366037
501112366039
501112366041
501112366043
501112366095
501112366096
501112366097
501112366100
501112366101
501112366103
501112366105
501112366110
501112366115
501112366117
501112366120
501112366122
501112366125
501112366128
501112366130
501112366132
501112366278
501112366332
501112366336
501112366374
501112366391
501112366392
501112366393
501112366395
501112366396
501112366399
501112366402
501112366404
501112366410
501112366415
501112366417
501112366418
501112366422
501112366425
501112366452
501112366527
501112366566
501112366569
501112366593
501112366626
501112366867
501112366878
501112366917
