501112455064
501112455083
501112455104
501112455187
501112455218
501112455308
501112455310
501112455328
501112455329
501112455343
501112455348
501112455350
501112455351
501112455353
501112455359
501112455362
501112455364
501112455367
501112455374
501112455377
501112455380
501112455381
501112455385
501112455505
501112455507
501112455576
501112455609
501112455610
501112455612
501112455613
501112455616
501112455617
501112455619
501112455620
501112455622
501112455625
501112455628
501112455629
501112455631
501112455634
501112455635
501112455703
501112455735
501112455741
501112455782
501112455924
501112455954
501112455959
501112455963
