501112754057
501112754094
501112754099
501112754138
501112754140
501112754153
501112754162
501112754163
501112754166
501112754189
501112754229
501112754261
501112754265
501112754270
501112754273
501112754337
501112754342
501112754375
501112754376
501112754380
501112754387
501112754393
501112754396
501112754397
501112754400
501112754404
501112754407
501112754408
501112754409
501112754410
501112754439
501112754556
501112754624
501112754628
501112754732
501112754837
501112754841
501112754845
501112754889
501112754892
501112754904
501112754905
501112754906
501112754908
501112754909
501112754911
501112754914
501112754918
501112754919
501112754921
501112754923
501112754925
501112754926
501112754928
