501012036005
501012036007
501012036012
501012036014
501012036015
501012036016
501012036045
501012036058
501012036065
501012036078
501012036089
501012036101
501012036121
501012036127
501012036134
501012036151
501012036163
501012036169
501012036411
501012036414
501012036417
501012036418
501012036427
501012036433
501012036438
501012036445
501012036473
501012036480
501012036488
501012036541
501012036571
501012036581
501012036588
501012036590
501012036598
501012036606
501012036607
501012036636
501012036643
501012036670
501012036676
501012036693
501012036714
501012036718
501012036730
501012036731
501012036750
501012036797
501012036809
501012036823
501012036827
501012036850
501012036860
501012036864
501012036866
501012036870
501012036877
501012036893
501012036931
501012036944
501012036950
501012036961
501012036967
501012036984
501012036998
