501012218003
501012218033
501012218057
501012218064
501012218066
501012218070
501012218072
501012218074
501012218108
501012218110
501012218119
501012218121
501012218122
501012218124
501012218125
501012218128
501012218129
501012218144
501012218175
501012218179
501012218185
501012218198
501012218201
501012218223
501012218232
501012218235
501012218237
501012218238
501012218242
501012218243
501012218247
501012218261
501012218279
501012218281
501012218294
501012218313
501012218340
501012218344
501012218347
501012218353
501012218375
501012218406
501012218412
501012218432
501012218445
501012218473
501012218474
501012218475
501012218505
501012218529
501012218537
501012218538
501012218540
501012218542
501012218545
501012218547
501012218548
501012218550
501012218552
501012218554
501012218560
501012218571
501012218573
501012218619
501012218631
501012218653
501012218675
501012218676
501012218684
501012218686
501012218699
501012218701
501012218704
501012218706
501012218709
501012218711
501012218714
501012218716
501012218717
501012218718
501012218723
501012218732
501012218733
501012218736
501012218739
501012218771
501012218779
501012218780
501012218792
501012218833
501012218841
501012218895
501012218926
501012218927
501012218933
501012218940
501012218973
501012218975
501012218982
