501012562022
501012562023
501012562029
501012562036
501012562044
501012562050
501012562053
501012562055
501012562058
501012562060
501012562065
501012562075
501012562081
501012562085
501012562095
501012562096
501012562104
501012562109
501012562115
501012562125
501012562129
501012562134
501012562137
501012562140
501012562143
501012562152
501012562161
501012562169
501012562193
501012562306
501012562309
501012562310
501012562313
501012562323
501012562343
501012562352
501012562355
501012562376
501012562377
501012562384
501012562394
501012562397
501012562399
501012562413
501012562415
501012562422
501012562435
501012562438
501012562446
501012562485
501012562494
501012562499
501012562503
501012562509
501012562526
501012562540
501012562545
501012562547
501012562565
501012562580
501012562586
501012562589
501012562598
501012562612
501012562619
501012562636
501012562639
501012562645
501012562670
501012562710
501012562718
501012562725
501012562731
501012562735
501012562741
501012562800
501012562810
501012562813
501012562815
501012562818
501012562819
501012562823
501012562884
501012562887
501012562888
501012562890
501012562899
501012562904
501012562922
501012562936
501012562945
501012562946
501012562965
501012562969
501012562977
501012562985
