501012779012
501012779052
501012779058
501012779083
501012779099
501012779117
501012779123
501012779131
501012779136
501012779139
501012779142
501012779145
501012779146
501012779190
501012779194
501012779196
501012779203
501012779241
501012779252
501012779254
501012779255
501012779259
501012779272
501012779301
501012779338
501012779350
501012779369
501012779383
501012779398
501012779416
501012779429
501012779445
501012779450
501012779461
501012779475
501012779479
501012779490
501012779492
501012779509
501012779519
501012779521
501012779530
501012779539
501012779554
501012779558
501012779561
501012779569
501012779587
501012779594
501012779599
501012779610
501012779625
501012779649
501012779651
501012779653
501012779659
501012779670
501012779676
501012779684
501012779690
501012779694
501012779704
501012779715
501012779716
501012779746
501012779753
501012779756
501012779763
501012779780
501012779784
501012779788
501012779793
501012779805
501012779808
501012779810
501012779812
501012779815
501012779820
501012779823
501012779826
501012779836
501012779840
501012779851
501012779852
501012779870
501012779883
501012779888
501012779900
501012779904
501012779926
501012779932
501012779941
501012779944
501012779982
