501012807001
501012807006
501012807014
501012807020
501012807024
501012807038
501012807047
501012807063
501012807089
501012807108
501012807143
501012807145
501012807168
501012807171
501012807174
501012807186
501012807190
501012807195
501012807202
501012807205
501012807213
501012807217
501012807233
501012807249
501012807286
501012807326
501012807331
501012807349
501012807359
501012807375
501012807382
501012807406
501012807412
501012807413
501012807456
501012807577
501012807585
501012807629
501012807665
501012807666
501012807687
501012807694
501012807696
501012807718
501012807724
501012807731
501012807745
501012807749
501012807755
501012807800
501012807801
501012807802
501012807807
501012807811
501012807824
501012807847
501012807850
501012807854
501012807866
501012807879
501012807900
501012807912
501012807945
501012807948
501012807949
501012807963
501012807981
501012807994
501012807998
