501012829006
501012829048
501012829124
501012829126
501012829127
501012829140
501012829144
501012829150
501012829169
501012829176
501012829196
501012829213
501012829223
501012829244
501012829289
501012829330
501012829347
501012829348
501012829362
501012829364
501012829365
501012829367
501012829372
501012829380
501012829393
501012829399
501012829416
501012829485
501012829496
501012829554
501012829568
501012829575
501012829576
501012829587
501012829636
501012829654
501012829688
501012829696
501012829738
501012829761
501012829812
501012829837
501012829851
501012829859
501012829872
501012829873
501012829876
501012829886
501012829890
501012829894
501012829899
501012829904
501012829910
501012829915
501012829927
501012829929
501012829947
501012829951
501012829956
501012829963
501012829966
501012829969
501012829972
501012829974
501012829977
501012829978
501012829984
501012829992
501012829993
501012829994
