501012848003
501012848028
501012848031
501012848033
501012848038
501012848040
501012848041
501012848056
501012848078
501012848079
501012848083
501012848093
501012848098
501012848099
501012848102
501012848114
501012848119
501012848127
501012848130
501012848143
501012848183
501012848223
501012848230
501012848238
501012848246
501012848261
501012848269
501012848273
501012848280
501012848281
501012848317
501012848320
501012848329
501012848331
501012848346
501012848351
501012848364
501012848371
501012848373
501012848379
501012848398
501012848400
501012848424
501012848430
501012848435
501012848436
501012848437
501012848442
501012848444
501012848456
501012848462
501012848464
501012848465
501012848468
501012848474
501012848479
501012848492
501012848496
501012848498
501012848507
501012848517
501012848538
501012848571
501012848582
501012848584
501012848591
501012848617
501012848650
501012848664
501012848675
501012848677
501012848685
501012848690
501012848701
501012848702
501012848724
501012848735
501012848787
501012848792
501012848843
501012848925
501012848926
501012848936
501012848969
501012848974
501012848986
501012848987
