501102261003
501102261021
501102261044
501102261090
501102261093
501102261186
501102261262
501102261263
501102261265
501102261266
501102261273
501102261277
501102261289
501102261513
501102261518
501102261533
501102261535
501102261542
501102261551
501102261557
501102261559
501102261561
501102261564
501102261569
501102261575
501102261660
501102261718
501102261791
501102261796
501102261824
501102261873
501102261939
501102261977
501102261978
501102261980
501102261983
501102261985
501102261987
501102261991
501102261994
501102261998
