501102276032
501102276044
501102276046
501102276047
501102276049
501102276051
501102276052
501102276053
501102276054
501102276055
501102276059
501102276064
501102276068
501102276069
501102276070
501102276073
501102276078
501102276079
501102276080
501102276086
501102276088
501102276091
501102276092
501102276095
501102276096
501102276097
501102276098
501102276099
501102276100
501102276101
501102276103
501102276104
501102276105
501102276108
501102276111
501102276113
501102276114
501102276115
501102276116
501102276117
501102276120
501102276122
501102276124
501102276143
501102276175
501102276182
501102276190
501102276256
501102276274
501102276297
501102276355
501102276425
501102276459
501102276535
501102276602
501102276608
501102276617
501102276650
501102276687
501102276726
501102276859
501102276860
501102276910
501102276986
