501102581000
501102581001
501102581002
501102581003
501102581004
501102581005
501102581006
501102581008
501102581010
501102581012
501102581014
501102581015
501102581017
501102581018
501102581019
501102581021
501102581023
501102581024
501102581025
501102581027
501102581028
501102581030
501102581271
501102581277
501102581279
501102581281
501102581352
501102581396
501102581400
501102581401
501102581403
501102581406
501102581407
501102581408
501102581409
501102581433
501102581508
501102581510
501102581513
501102581515
501102581517
501102581519
501102581521
501102581523
501102581525
501102581528
501102581530
501102581533
501102581594
501102581953
501102581954
