501102956004
501102956007
501102956015
501102956018
501102956021
501102956036
501102956037
501102956045
501102956046
501102956048
501102956050
501102956059
501102956062
501102956091
501102956098
501102956126
501102956146
501102956192
501102956195
501102956203
501102956211
501102956214
501102956266
501102956287
501102956296
501102956312
501102956315
501102956338
501102956339
501102956354
501102956356
501102956361
501102956362
501102956378
501102956394
501102956395
501102956406
501102956430
501102956566
501102956580
501102956640
501102956645
501102956648
501102956650
501102956651
501102956659
501102956660
501102956670
501102956673
501102956677
501102956680
501102956692
501102956694
501102956698
501102956700
501102956701
501102956703
501102956704
501102956706
501102956707
501102956713
501102956723
501102956730
501102956734
501102956735
501102956736
501102956740
501102956743
501102956744
501102956745
501102956758
501102956762
501102956763
501102956764
501102956768
501102956771
501102956775
501102956778
501102956780
501102956786
501102956788
501102956790
501102956791
501102956792
501102956814
