500545560302
500545560377
500545560378
500545560467
500545560477
500545560482
500545560554
500545560578
500545560640
500545560655
500545560673
500545560694
500545560701
500545560743
500545560744
500545560745
500545560747
500545560748
500545560749
500545560751
500545560752
500545560756
500545560759
500545560762
500545560771
500545560774
500545560777
500545560780
500545560784
500545560785
500545560804
500545560805
500545560809
500545560812
500545560831
500545560889
500545560938
500545560956
500545560958
500545560959
500545560961
