500448677002
500448677018
500448677020
500448677028
500448677034
500448677036
500448677037
500448677044
500448677055
500448677062
500448677102
500448677108
500448677110
500448677123
500448677130
500448677136
500448677147
500448677174
500448677201
500448677242
500448677270
500448677402
500448677423
500448677490
500448677548
500448677588
500448677645
500448677688
500448677691
500448677711
500448677756
500448677768
500448677781
500448677789
500448677804
500448677806
500448677812
500448677846
500448677998
