501092063051
501092063176
501092063231
501092063325
501092063366
501092063382
501092063383
501092063391
501092063417
501092063472
501092063482
501092063489
501092063520
501092063562
501092063594
501092063670
501092063682
501092063696
501092063727
501092063748
501092063799
501092063804
501092063832
501092063866
501092063867
501092063877
501092063884
501092063886
501092063887
501092063889
501092063890
501092063893
501092063894
501092063896
501092063897
501092063900
501092063901
501092063902
501092063910
501092063911
501092063912
501092063921
501092063941
501092063947
501092063949
501092063962
501092063978
