501092509012
501092509059
501092509111
501092509128
501092509130
501092509132
501092509134
501092509137
501092509139
501092509141
501092509142
501092509143
501092509145
501092509147
501092509148
501092509150
501092509152
501092509154
501092509155
501092509156
501092509157
501092509259
501092509262
501092509267
501092509365
501092509366
501092509368
501092509373
501092509416
501092509455
501092509461
501092509540
501092509558
501092509606
501092509616
501092509632
501092509668
501092509673
501092509698
501092509770
501092509827
501092509836
501092509884
501092509888
501092509893
501092509961
501092509964
501092509970
501092509979
