501002337005
501002337031
501002337032
501002337037
501002337038
501002337052
501002337055
501002337058
501002337074
501002337075
501002337078
501002337113
501002337115
501002337124
501002337162
501002337167
501002337181
501002337183
501002337209
501002337240
501002337242
501002337243
501002337245
501002337247
501002337256
501002337263
501002337264
501002337272
501002337275
501002337283
501002337289
501002337329
501002337341
501002337346
501002337347
501002337358
501002337386
501002337389
501002337411
501002337416
501002337420
501002337423
501002337426
501002337431
501002337440
501002337443
501002337446
501002337450
501002337458
501002337463
501002337471
501002337483
501002337499
501002337534
501002337541
501002337547
501002337551
501002337561
501002337562
501002337568
501002337573
501002337595
501002337599
501002337603
501002337648
501002337650
501002337686
501002337696
501002337706
501002337708
501002337717
501002337727
501002337731
501002337733
501002337742
501002337745
501002337753
501002337755
501002337769
501002337780
501002337781
501002337782
501002337802
501002337813
501002337823
501002337827
501002337829
501002337834
501002337837
501002337852
501002337863
