501002469012
501002469014
501002469071
501002469076
501002469082
501002469093
501002469097
501002469099
501002469106
501002469107
501002469109
501002469127
501002469129
501002469131
501002469139
501002469145
501002469146
501002469154
501002469170
501002469200
501002469208
501002469227
501002469231
501002469238
501002469274
501002469286
501002469294
501002469296
501002469303
501002469341
501002469348
501002469357
501002469363
501002469365
501002469366
501002469367
501002469371
501002469373
501002469375
501002469376
501002469377
501002469378
501002469380
501002469382
501002469384
501002469385
501002469387
501002469389
501002469391
501002469401
501002469402
501002469410
501002469412
501002469413
501002469432
501002469436
501002469454
501002469472
501002469475
501002469485
501002469488
501002469519
501002469520
501002469522
501002469527
501002469528
501002469535
501002469539
501002469553
501002469569
501002469589
501002469596
501002469600
501002469653
501002469685
501002469689
501002469696
501002469716
501002469719
501002469722
501002469732
501002469751
501002469764
501002469766
501002469771
501002469792
501002469824
501002469828
501002469830
501002469836
501002469846
501002469854
501002469861
501002469864
501002469868
501002469872
501002469896
501002469901
501002469912
501002469919
501002469923
501002469924
501002469926
501002469939
501002469941
501002469942
501002469950
501002469953
501002469961
501002469966
501002469969
501002469978
501002469981
501002469997
501002469999
