501002470004
501002470016
501002470019
501002470022
501002470025
501002470028
501002470032
501002470037
501002470040
501002470043
501002470046
501002470065
501002470078
501002470079
501002470082
501002470108
501002470111
501002470118
501002470185
501002470189
501002470204
501002470225
501002470227
501002470251
501002470267
501002470268
501002470274
501002470278
501002470284
501002470320
501002470352
501002470354
501002470382
501002470430
501002470432
501002470435
501002470440
501002470441
501002470456
501002470459
501002470510
501002470518
501002470537
501002470542
501002470546
501002470555
501002470558
501002470581
501002470590
501002470597
501002470613
501002470622
501002470625
501002470628
501002470652
501002470659
501002470673
501002470680
501002470702
501002470704
501002470709
501002470712
501002470727
501002470736
501002470738
501002470746
501002470754
501002470797
501002470805
501002470808
501002470825
501002470835
501002470856
501002470857
501002470871
501002470878
501002470881
501002470903
501002470905
501002470926
501002470942
501002470959
501002470962
501002470965
501002470992
