501002524009
501002524025
501002524035
501002524044
501002524046
501002524048
501002524061
501002524069
501002524074
501002524078
501002524081
501002524088
501002524090
501002524091
501002524103
501002524105
501002524108
501002524112
501002524115
501002524120
501002524174
501002524177
501002524181
501002524234
501002524236
501002524238
501002524249
501002524252
501002524264
501002524279
501002524283
501002524286
501002524287
501002524288
501002524293
501002524317
501002524325
501002524332
501002524347
501002524364
501002524372
501002524383
501002524384
501002524386
501002524389
501002524391
501002524405
501002524408
501002524415
501002524416
501002524420
501002524425
501002524444
501002524446
501002524454
501002524459
501002524465
501002524469
501002524475
501002524482
501002524489
501002524493
501002524501
501002524515
501002524531
501002524535
501002524543
501002524548
501002524554
501002524560
501002524574
501002524575
501002524590
501002524596
501002524601
501002524603
501002524606
501002524608
501002524618
501002524632
501002524635
501002524637
501002524647
501002524651
501002524652
501002524655
501002524657
501002524660
501002524671
501002524694
501002524728
501002524732
501002524744
501002524748
501002524750
501002524751
501002524752
501002524758
501002524778
501002524785
501002524792
501002524815
501002524885
501002524902
501002524904
501002524907
501002524917
501002524922
501002524924
501002524945
501002524965
501002524971
501002524987
501002524999
