501002541010
501002541012
501002541015
501002541033
501002541058
501002541134
501002541138
501002541139
501002541156
501002541168
501002541169
501002541171
501002541195
501002541214
501002541233
501002541239
501002541244
501002541248
501002541546
501002541553
501002541558
501002541566
501002541651
501002541652
501002541695
501002541699
501002541701
501002541703
501002541717
501002541730
501002541734
501002541743
501002541746
501002541748
501002541776
501002541825
501002541843
501002541851
501002541875
501002541889
501002541946
501002541987
501002541988
