501002578000
501002578006
501002578051
501002578055
501002578063
501002578066
501002578096
501002578100
501002578108
501002578115
501002578121
501002578131
501002578139
501002578143
501002578145
501002578212
501002578216
501002578226
501002578229
501002578235
501002578240
501002578249
501002578322
501002578324
501002578327
501002578329
501002578332
501002578337
501002578350
501002578363
501002578398
501002578413
501002578419
501002578427
501002578445
501002578447
501002578457
501002578460
501002578465
501002578468
501002578470
501002578472
501002578475
501002578480
501002578495
501002578498
501002578501
501002578505
501002578506
501002578510
501002578516
501002578527
501002578531
501002578534
501002578536
501002578538
501002578565
501002578575
501002578577
501002578580
501002578586
501002578594
501002578598
501002578603
501002578605
501002578627
501002578631
501002578635
501002578647
501002578656
501002578660
501002578675
501002578688
501002578691
501002578692
501002578693
501002578705
501002578707
501002578725
501002578731
501002578771
501002578782
501002578793
501002578847
501002578866
501002578888
501002578897
501002578901
501002578931
501002578935
501002578940
501002578942
501002578946
501002578950
501002578985
501002578991
501002578995
501002578999
