501002649000
501002649037
501002649043
501002649045
501002649058
501002649065
501002649073
501002649082
501002649090
501002649120
501002649125
501002649127
501002649132
501002649153
501002649173
501002649188
501002649194
501002649218
501002649220
501002649231
501002649235
501002649265
501002649267
501002649270
501002649297
501002649298
501002649304
501002649310
501002649322
501002649323
501002649328
501002649334
501002649348
501002649350
501002649356
501002649362
501002649366
501002649370
501002649375
501002649390
501002649399
501002649407
501002649409
501002649427
501002649432
501002649443
501002649450
501002649453
501002649454
501002649460
501002649463
501002649467
501002649469
501002649473
501002649477
501002649489
501002649490
501002649494
501002649496
501002649499
501002649500
501002649501
501002649503
501002649506
501002649514
501002649525
501002649527
501002649529
501002649533
501002649538
501002649546
501002649548
501002649556
501002649561
501002649586
501002649588
501002649589
501002649591
501002649600
501002649603
501002649614
501002649615
501002649622
501002649632
501002649659
501002649664
501002649667
501002649679
501002649692
501002649693
501002649700
501002649704
501002649713
501002649714
501002649719
501002649721
501002649740
501002649745
501002649757
501002649758
501002649760
501002649762
501002649774
501002649780
501002649786
501002649791
501002649803
501002649805
501002649825
501002649826
501002649868
501002649883
501002649891
501002649901
501002649909
501002649914
501002649915
501002649930
501002649969
501002649978
