501002687002
501002687010
501002687013
501002687015
501002687023
501002687030
501002687046
501002687051
501002687057
501002687064
501002687067
501002687073
501002687100
501002687105
501002687115
501002687133
501002687139
501002687146
501002687179
501002687236
501002687248
501002687265
501002687266
501002687268
501002687276
501002687285
501002687314
501002687322
501002687330
501002687331
501002687338
501002687345
501002687361
501002687391
501002687397
501002687400
501002687405
501002687437
501002687439
501002687441
501002687444
501002687447
501002687474
501002687478
501002687501
501002687512
501002687516
501002687551
501002687567
501002687569
501002687571
501002687580
501002687583
501002687597
501002687598
501002687599
501002687601
501002687609
501002687611
501002687636
501002687644
501002687648
501002687655
501002687667
501002687680
501002687682
501002687688
501002687705
501002687707
501002687743
501002687756
501002687757
501002687763
501002687767
501002687780
501002687791
501002687821
501002687829
501002687834
501002687837
501002687845
501002687866
501002687880
501002687893
501002687935
501002687940
501002687971
