501002772006
501002772029
501002772034
501002772042
501002772063
501002772065
501002772075
501002772092
501002772095
501002772097
501002772103
501002772105
501002772112
501002772117
501002772127
501002772155
501002772166
501002772171
501002772174
501002772203
501002772234
501002772270
501002772277
501002772285
501002772293
501002772295
501002772310
501002772349
501002772354
501002772356
501002772359
501002772380
501002772415
501002772442
501002772444
501002772464
501002772465
501002772466
501002772470
501002772474
501002772482
501002772490
501002772491
501002772495
501002772499
501002772559
501002772561
501002772594
501002772602
501002772606
501002772607
501002772653
501002772657
501002772666
501002772692
501002772707
501002772715
501002772727
501002772747
501002772758
501002772774
501002772780
501002772799
501002772800
501002772802
501002772805
501002772810
501002772812
501002772846
501002772857
501002772869
501002772880
501002772881
501002772888
501002772899
501002772910
501002772913
501002772914
501002772921
501002772929
501002772945
501002772958
501002772964
501002772965
501002772966
501002772967
501002772968
501002772969
501002772972
501002772977
501002772978
501002772980
501002772984
501002772985
501002772986
501002772988
501002772989
501002772990
501002772991
501002772994
501002772997
501002772999
