501002953019
501002953020
501002953023
501002953038
501002953045
501002953047
501002953049
501002953056
501002953079
501002953085
501002953114
501002953116
501002953119
501002953180
501002953205
501002953209
501002953234
501002953243
501002953244
501002953265
501002953273
501002953283
501002953290
501002953293
501002953327
501002953331
501002953345
501002953350
501002953354
501002953378
501002953394
501002953396
501002953407
501002953410
501002953421
501002953427
501002953438
501002953442
501002953459
501002953466
501002953536
501002953539
501002953541
501002953543
501002953550
501002953564
501002953570
501002953588
501002953593
501002953621
501002953631
501002953635
501002953652
501002953679
501002953680
501002953685
501002953687
501002953694
501002953718
501002953724
501002953734
501002953735
501002953742
501002953752
501002953755
501002953784
501002953785
501002953796
501002953798
501002953801
501002953802
501002953803
501002953805
501002953810
501002953811
501002953814
501002953817
501002953820
501002953821
501002953822
501002953828
501002953831
501002953833
501002953835
501002953839
501002953842
501002953845
501002953856
501002953858
501002953877
501002953881
501002953885
501002953916
501002953925
501002953935
501002953940
501002953942
501002953947
501002953955
501002953998
