501002995001
501002995009
501002995011
501002995013
501002995015
501002995017
501002995019
501002995020
501002995023
501002995026
501002995032
501002995039
501002995067
501002995072
501002995073
501002995089
501002995093
501002995094
501002995115
501002995116
501002995134
501002995167
501002995174
501002995183
501002995185
501002995190
501002995212
501002995226
501002995239
501002995243
501002995252
501002995266
501002995269
501002995293
501002995295
501002995303
501002995306
501002995316
501002995327
501002995335
501002995348
501002995353
501002995354
501002995362
501002995372
501002995374
501002995395
501002995436
501002995450
501002995454
501002995461
501002995472
501002995476
501002995477
501002995484
501002995520
501002995559
501002995576
501002995580
501002995592
501002995606
501002995625
501002995641
501002995643
501002995650
501002995652
501002995661
501002995667
501002995678
501002995685
501002995707
501002995708
501002995714
501002995740
501002995743
501002995758
501002995759
501002995763
501002995766
501002995774
501002995791
501002995825
501002995839
501002995856
501002995873
501002995879
501002995887
501002995914
501002995925
501002995942
501002995944
501002995947
501002995954
501002995956
501002995977
501002995991
501002995996
