500983104002
500983104004
500983104011
500983104062
500983104068
500983104088
500983104103
500983104104
500983104111
500983104137
500983104138
500983104150
500983104155
500983104157
500983104160
500983104164
500983104168
500983104171
500983104173
500983104182
500983104210
500983104216
500983104224
500983104226
500983104227
500983104232
500983104235
500983104239
500983104246
500983104248
500983104267
500983104268
500983104271
500983104285
500983104300
500983104302
500983104304
500983104313
500983104346
500983104350
500983104358
500983104362
500983104372
500983104374
500983104393
500983104394
500983104409
500983104421
500983104423
500983104444
500983104446
500983104469
500983104475
500983104478
500983104513
500983104516
500983104528
500983104536
500983104540
500983104552
500983104562
500983104565
500983104595
500983104605
500983104628
500983104632
500983104645
500983104647
500983104649
500983104670
500983104671
500983104686
500983104699
500983104706
500983104710
500983104711
500983104714
500983104715
500983104738
500983104748
500983104751
500983104763
500983104767
500983104769
500983104770
500983104773
500983104775
500983104791
500983104793
500983104798
500983104809
500983104811
500983104815
500983104817
500983104822
500983104841
500983104849
500983104855
500983104859
500983104861
500983104893
500983104896
500983104897
500983104898
500983104903
500983104906
500983104908
500983104911
500983104922
500983104926
500983104928
500983104933
500983104938
500983104952
500983104973
500983104980
500983104983
500983104987
500983104999
