500983297007
500983297028
500983297050
500983297062
500983297068
500983297071
500983297072
500983297077
500983297086
500983297088
500983297092
500983297093
500983297101
500983297103
500983297109
500983297110
500983297111
500983297113
500983297114
500983297119
500983297125
500983297131
500983297132
500983297143
500983297149
500983297151
500983297153
500983297159
500983297170
500983297207
500983297214
500983297221
500983297229
500983297237
500983297241
500983297292
500983297295
500983297311
500983297357
500983297377
500983297391
500983297405
500983297407
500983297421
500983297428
500983297440
500983297446
500983297449
500983297456
500983297468
500983297474
500983297476
500983297484
500983297487
500983297496
500983297504
500983297506
500983297507
500983297553
500983297555
500983297588
500983297597
500983297619
500983297622
500983297633
500983297646
500983297660
500983297664
500983297667
500983297677
500983297678
500983297684
500983297702
500983297706
500983297709
500983297711
500983297716
500983297722
500983297723
500983297727
500983297728
500983297762
500983297765
500983297770
500983297786
500983297790
500983297800
500983297801
500983297826
500983297828
500983297829
500983297830
500983297832
500983297836
500983297858
500983297859
500983297877
500983297879
500983297893
500983297896
500983297900
500983297915
500983297919
500983297930
500983297932
500983297935
500983297936
500983297948
500983297949
500983297952
500983297955
500983297957
500983297958
500983297961
500983297976
500983297978
500983297983
500983297987
500983297990
500983297996
