500983729001
500983729010
500983729019
500983729032
500983729042
500983729045
500983729049
500983729066
500983729067
500983729071
500983729074
500983729075
500983729083
500983729086
500983729092
500983729101
500983729113
500983729124
500983729126
500983729145
500983729146
500983729148
500983729153
500983729155
500983729161
500983729188
500983729205
500983729207
500983729218
500983729224
500983729227
500983729240
500983729244
500983729262
500983729269
500983729280
500983729282
500983729314
500983729323
500983729326
500983729331
500983729334
500983729338
500983729340
500983729346
500983729350
500983729361
500983729363
500983729364
500983729375
500983729382
500983729410
500983729419
500983729422
500983729428
500983729430
500983729432
500983729433
500983729435
500983729439
500983729448
500983729455
500983729479
500983729516
500983729518
500983729519
500983729531
500983729549
500983729551
500983729554
500983729558
500983729563
500983729565
500983729569
500983729591
500983729593
500983729609
500983729622
500983729625
500983729628
500983729632
500983729636
500983729642
500983729646
500983729654
500983729661
500983729671
500983729675
500983729677
500983729679
500983729682
500983729704
500983729725
500983729729
500983729732
500983729737
500983729744
500983729745
500983729752
500983729757
500983729763
500983729786
500983729788
500983729794
500983729807
500983729819
500983729831
500983729885
500983729890
500983729892
500983729903
500983729911
500983729923
500983729931
500983729932
500983729962
500983729972
500983729988
500983729995
500983729999
