501074749107
501074749141
501074749237
501074749293
501074749314
501074749328
501074749339
501074749342
501074749346
501074749347
501074749349
501074749353
501074749354
501074749358
501074749361
501074749364
501074749367
501074749379
501074749380
501074749390
501074749398
501074749402
501074749408
501074749409
501074749417
501074749419
501074749422
501074749428
501074749432
501074749438
501074749441
501074749444
501074749445
501074749446
501074749448
501074749449
501074749451
501074749452
501074749455
501074749461
501074749466
501074749467
501074749469
501074749471
501074749479
501074749484
501074749485
501074749487
501074749489
501074749514
501074749515
501074749516
501074749517
501074749519
501074749521
501074749522
501074749523
501074749524
501074749525
501074749526
501074749527
501074749528
501074749534
501074749541
501074749542
501074749543
501074749545
501074749546
501074749547
501074749549
501074749550
501074749551
501074749557
501074749562
501074749588
501074749594
501074749794
501074749818
501074749888
501074749931
501074749933
501074749972
