501109079052
501109079123
501109079131
501109079148
501109079162
501109079168
501109079198
501109079204
501109079259
501109079331
501109079367
501109079370
501109079380
501109079395
501109079397
501109079406
501109079407
501109079408
501109079410
501109079412
501109079413
501109079415
501109079472
501109079473
501109079482
501109079526
501109079537
501109079538
501109079549
501109079550
501109079551
501109079553
501109079555
501109079556
501109079557
501109079558
501109079578
501109079579
501109079582
501109079610
501109079611
501109079612
501109079615
501109079616
501109079618
501109079624
501109079628
501109079632
501109079671
501109079699
501109079748
501109079811
501109079821
501109079865
501109079948
501109079984
501109079989
501109079990
501109079991
