501109159055
501109159067
501109159071
501109159072
501109159105
501109159107
501109159108
501109159110
501109159113
501109159116
501109159120
501109159122
501109159124
501109159152
501109159171
501109159184
501109159219
501109159258
501109159285
501109159287
501109159305
501109159343
501109159383
501109159402
501109159454
501109159456
501109159510
501109159517
501109159525
501109159539
501109159565
501109159626
501109159661
501109159663
501109159665
501109159692
501109159694
501109159734
501109159764
501109159812
501109159813
501109159831
501109159967
501109159982
