501109359014
501109359125
501109359129
501109359138
501109359157
501109359158
501109359171
501109359173
501109359186
501109359190
501109359191
501109359192
501109359193
501109359194
501109359195
501109359197
501109359199
501109359200
501109359201
501109359204
501109359207
501109359210
501109359213
501109359215
501109359218
501109359220
501109359222
501109359227
501109359230
501109359232
501109359233
501109359234
501109359236
501109359239
501109359242
501109359244
501109359246
501109359249
501109359251
501109359254
501109359256
501109359258
501109359261
501109359264
501109359266
501109359268
501109359270
501109359272
501109359274
501109359276
501109359278
501109359280
501109359282
501109359284
501109359286
501109359288
501109359290
501109359292
501109359294
501109359297
501109359431
501109359453
501109359455
501109359456
501109359457
501109359458
501109359459
501109359460
501109359462
501109359463
501109359465
501109359466
501109359467
501109359468
501109359470
501109359471
501109359472
501109359473
501109359474
501109359475
501109359476
501109359477
501109359478
501109359527
501109359533
501109359540
501109359542
501109359543
501109359546
501109359547
501109359548
501109359549
501109359551
501109359552
501109359554
501109359555
501109359557
501109359578
501109359589
501109359599
501109359609
501109359622
501109359627
501109359630
501109359639
501109359642
501109359654
501109359662
501109359670
501109359679
501109359692
501109359707
501109359719
501109359720
501109359721
501109359722
501109359723
501109359724
501109359812
501109359882
501109359913
501109359917
