500404284046
500404284048
500404284125
500404284165
500404284168
500404284175
500404284357
500404284419
500404284421
500404284443
500404284448
500404284453
500404284456
500404284463
500404284464
500404284473
500404284475
500404284500
500404284502
500404284514
500404284529
500404284536
500404284540
500404284551
500404284553
500404284554
500404284559
500404284565
500404284571
500404284577
500404284580
500404284583
500404284585
500404284593
500404284602
500404284608
500404284612
500404284712
500404284962
