501025140023
501025140164
501025140172
501025140178
501025140179
501025140208
501025140231
501025140234
501025140267
501025140270
501025140297
501025140314
501025140315
501025140330
501025140360
501025140401
501025140423
501025140427
501025140465
501025140475
501025140478
501025140498
501025140526
501025140544
501025140556
501025140558
501025140569
501025140648
501025140684
501025140719
501025140749
501025140751
501025140753
501025140773
501025140808
501025140861
501025140927
501025140970
501025140976
501025140980
