501025270054
501025270095
501025270100
501025270118
501025270129
501025270147
501025270224
501025270226
501025270237
501025270238
501025270248
501025270274
501025270276
501025270410
501025270453
501025270454
501025270458
501025270494
501025270505
501025270507
501025270513
501025270515
501025270529
501025270530
501025270553
501025270559
501025270563
501025270574
501025270577
501025270582
501025270592
501025270604
501025270606
501025270609
501025270612
501025270615
501025270617
501025270671
501025270693
501025270694
501025270711
501025270764
501025270812
501025270823
501025270886
501025270889
501025270896
501025270898
501025270901
501025270903
501025270916
501025270930
501025270952
501025270967
501025270971
501025270972
501025270974
501025270984
