501025350026
501025350035
501025350036
501025350050
501025350055
501025350090
501025350119
501025350125
501025350155
501025350160
501025350162
501025350166
501025350193
501025350206
501025350211
501025350213
501025350223
501025350230
501025350233
501025350245
501025350247
501025350253
501025350300
501025350306
501025350317
501025350320
501025350322
501025350327
501025350332
501025350337
501025350368
501025350385
501025350415
501025350443
501025350459
501025350465
501025350467
501025350481
501025350543
501025350547
501025350551
501025350552
501025350557
501025350569
501025350598
501025350620
501025350648
501025350658
501025350683
501025350699
501025350729
501025350756
501025350764
501025350766
501025350782
501025350784
501025350793
501025350797
501025350806
501025350807
501025350827
501025350866
501025350891
501025350894
501025350928
501025350936
501025350940
501025350942
501025350944
501025350952
501025350979
501025350982
501025350985
501025350989
501025350991
