501025673049
501025673061
501025673076
501025673136
501025673155
501025673217
501025673239
501025673260
501025673264
501025673297
501025673309
501025673375
501025673382
501025673407
501025673411
501025673421
501025673426
501025673429
501025673436
501025673456
501025673457
501025673533
501025673536
501025673563
501025673613
501025673652
501025673658
501025673661
501025673665
501025673681
501025673685
501025673695
501025673699
501025673710
501025673722
501025673724
501025673729
501025673732
501025673789
501025673873
501025673904
501025673982
501025673984
