501025758013
501025758015
501025758025
501025758030
501025758032
501025758035
501025758078
501025758097
501025758126
501025758136
501025758145
501025758156
501025758298
501025758305
501025758317
501025758342
501025758350
501025758385
501025758478
501025758481
501025758482
501025758485
501025758486
501025758519
501025758533
501025758568
501025758593
501025758605
501025758607
501025758610
501025758615
501025758627
501025758630
501025758677
501025758678
501025758680
501025758716
501025758718
501025758729
501025758740
501025758780
501025758839
501025758897
