501025992045
501025992078
501025992096
501025992105
501025992128
501025992134
501025992171
501025992182
501025992240
501025992253
501025992255
501025992259
501025992268
501025992322
501025992329
501025992383
501025992402
501025992415
501025992440
501025992463
501025992465
501025992478
501025992486
501025992490
501025992523
501025992540
501025992549
501025992557
501025992580
501025992637
501025992642
501025992717
501025992742
501025992744
501025992797
501025992810
501025992811
501025992858
501025992859
501025992898
501025992982
501025992994
501025992997
