501055141071
501055141150
501055141343
501055141372
501055141413
501055141423
501055141427
501055141428
501055141429
501055141435
501055141438
501055141464
501055141474
501055141475
501055141476
501055141479
501055141482
501055141483
501055141484
501055141485
501055141488
501055141491
501055141492
501055141495
501055141508
501055141531
501055141550
501055141596
501055141614
501055141647
501055141653
501055141659
501055141665
501055141746
501055141764
501055141864
501055141889
501055141891
501055141893
501055141900
501055141985
501055141989
