500531128004
500531128034
500531128106
500531128244
500531128248
500531128280
500531128344
500531128346
500531128374
500531128384
500531128466
500531128488
500531128548
500531128554
500531128586
500531128624
500531128641
500531128696
500531128698
500531128710
500531128726
500531128728
500531128732
500531128737
500531128754
500531128755
500531128776
500531128783
500531128829
500531128881
500531128886
500531128891
500531128896
500531128905
500531128917
500531128923
500531128927
500531128933
500531128937
500531128946
500531128958
500531128971
500531128981
500531128993
500531128997
