500779855108
500779855111
500779855113
500779855122
500779855126
500779855129
500779855147
500779855205
500779855234
500779855240
500779855248
500779855251
500779855284
500779855401
500779855490
500779855514
500779855517
500779855617
500779855650
500779855718
500779855725
500779855730
500779855734
500779855737
500779855742
500779855748
500779855758
500779855763
500779855771
500779855780
500779855784
500779855788
500779855797
500779855825
500779855833
500779855874
500779855881
500779855888
500779855892
500779855907
500779855976
