500934724005
500934724012
500934724013
500934724014
500934724018
500934724021
500934724024
500934724025
500934724033
500934724042
500934724044
500934724047
500934724053
500934724059
500934724071
500934724089
500934724091
500934724101
500934724106
500934724110
500934724120
500934724128
500934724131
500934724149
500934724155
500934724161
500934724162
500934724170
500934724221
500934724226
500934724241
500934724243
500934724250
500934724295
500934724302
500934724316
500934724319
500934724326
500934724339
500934724348
500934724349
500934724362
500934724371
500934724373
500934724374
500934724426
500934724427
500934724443
500934724479
500934724494
500934724514
500934724523
500934724525
500934724527
500934724537
500934724550
500934724566
500934724568
500934724572
500934724578
500934724583
500934724595
500934724605
500934724623
500934724627
500934724635
500934724639
500934724642
500934724654
500934724655
500934724667
500934724670
500934724728
500934724740
500934724747
500934724765
500934724770
500934724774
500934724784
500934724792
500934724818
500934724847
500934724881
500934724893
500934724898
500934724907
500934724918
500934724920
500934724927
500934724933
500934724968
500934724973
500934724982
500934724991
500934724998
