500934782011
500934782015
500934782016
500934782017
500934782022
500934782023
500934782032
500934782040
500934782053
500934782069
500934782072
500934782090
500934782098
500934782125
500934782127
500934782140
500934782142
500934782158
500934782159
500934782183
500934782191
500934782194
500934782204
500934782211
500934782221
500934782226
500934782228
500934782230
500934782309
500934782312
500934782326
500934782338
500934782340
500934782380
500934782410
500934782420
500934782421
500934782425
500934782427
500934782430
500934782441
500934782443
500934782445
500934782450
500934782460
500934782461
500934782475
500934782493
500934782507
500934782514
500934782526
500934782528
500934782534
500934782556
500934782583
500934782586
500934782588
500934782595
500934782604
500934782605
500934782606
500934782620
500934782626
500934782650
500934782664
500934782666
500934782673
500934782686
500934782691
500934782693
500934782700
500934782704
500934782705
500934782707
500934782709
500934782751
500934782778
500934782784
500934782796
500934782814
500934782822
500934782843
500934782846
500934782850
500934782861
500934782898
500934782912
500934782951
500934782953
500934782973
500934782978
500934782982
500934782989
500934782995
