500975485005
500975485022
500975485027
500975485035
500975485068
500975485078
500975485080
500975485084
500975485088
500975485096
500975485098
500975485129
500975485141
500975485146
500975485150
500975485165
500975485174
500975485181
500975485203
500975485210
500975485216
500975485225
500975485227
500975485246
500975485280
500975485287
500975485292
500975485296
500975485300
500975485304
500975485306
500975485312
500975485314
500975485333
500975485339
500975485340
500975485342
500975485357
500975485421
500975485423
500975485425
500975485427
500975485435
500975485443
500975485451
500975485469
500975485473
500975485481
500975485487
500975485501
500975485521
500975485523
500975485540
500975485560
500975485561
500975485570
500975485573
500975485577
500975485588
500975485602
500975485611
500975485617
500975485630
500975485632
500975485635
500975485637
500975485649
500975485656
500975485661
500975485677
500975485678
500975485685
500975485687
500975485699
500975485716
500975485731
500975485734
500975485745
500975485746
500975485758
500975485765
500975485787
500975485792
500975485794
500975485795
500975485811
500975485827
500975485845
500975485846
500975485853
500975485864
500975485867
500975485876
500975485891
500975485908
500975485940
500975485944
500975485946
500975485966
500975485972
