500975720000
500975720014
500975720015
500975720018
500975720024
500975720041
500975720053
500975720073
500975720077
500975720083
500975720084
500975720088
500975720092
500975720094
500975720113
500975720114
500975720136
500975720138
500975720140
500975720143
500975720144
500975720145
500975720146
500975720150
500975720151
500975720153
500975720156
500975720160
500975720174
500975720178
500975720187
500975720194
500975720195
500975720209
500975720210
500975720211
500975720219
500975720321
500975720323
500975720326
500975720328
500975720332
500975720336
500975720338
500975720354
500975720359
500975720388
500975720397
500975720400
500975720411
500975720426
500975720436
500975720846
500975720849
