500923795334
500923795336
500923795359
500923795365
500923795375
500923795400
500923795434
500923795443
500923795445
500923795449
500923795451
500923795453
500923795454
500923795458
500923795493
500923795504
500923795508
500923795510
500923795515
500923795522
500923795532
500923795542
500923795585
500923795594
500923795606
500923795610
500923795618
500923795628
500923795634
500923795642
500923795657
500923795660
500923795684
500923795725
500923795745
500923795748
500923795751
500923795753
500923795764
500923795770
500923795800
500923795801
500923795803
500923795806
500923795826
500923795827
500923795832
500923795844
500923795872
500923795875
500923795876
500923795879
500923795887
500923795891
500923795909
500923795911
500923795912
500923795916
500923795921
500923795924
500923795932
500923795934
500923795938
500923795978
500923795979
500923795987
500923795992
500923795996
500923795999
