500923869325
500923869404
500923869405
500923869422
500923869424
500923869439
500923869461
500923869500
500923869503
500923869504
500923869517
500923869535
500923869538
500923869542
500923869548
500923869556
500923869564
500923869588
500923869589
500923869595
500923869603
500923869608
500923869613
500923869622
500923869626
500923869627
500923869634
500923869636
500923869639
500923869645
500923869652
500923869671
500923869693
500923869708
500923869726
500923869746
500923869753
500923869758
500923869760
500923869773
500923869776
500923869780
500923869783
500923869784
500923869809
