500923925067
500923925084
500923925087
500923925091
500923925099
500923925110
500923925116
500923925131
500923925195
500923925223
500923925234
500923925253
500923925261
500923925275
500923925289
500923925358
500923925367
500923925385
500923925435
500923925452
500923925518
500923925548
500923925551
500923925558
500923925559
500923925573
500923925585
500923925594
500923925633
500923925693
500923925747
500923925749
500923925801
500923925808
500923925852
500923925877
500923925906
500923925911
500923925939
