500848073013
500848073053
500848073060
500848073102
500848073103
500848073104
500848073105
500848073107
500848073108
500848073110
500848073112
500848073114
500848073116
500848073117
500848073120
500848073134
500848073140
500848073141
500848073142
500848073143
500848073145
500848073146
500848073150
500848073151
500848073154
500848073156
500848073158
500848073160
500848073164
500848073166
500848073169
500848073173
500848073174
500848073177
500848073180
500848073182
500848073183
500848073185
500848073187
500848073366
500848073386
500848073403
500848073428
500848073433
500848073435
500848073437
500848073438
500848073439
500848073443
500848073613
500848073680
500848073812
500848073831
500848073885
