501099003084
501099003093
501099003138
501099003183
501099003194
501099003195
501099003542
501099003543
501099003553
501099003554
501099003555
501099003556
501099003568
501099003570
501099003571
501099003572
501099003578
501099003580
501099003581
501099003583
501099003593
501099003596
501099003597
501099003598
501099003599
501099003601
501099003604
501099003605
501099003607
501099003608
501099003609
501099003620
501099003626
501099003639
501099003642
501099003643
501099003683
501099003684
501099003803
501099003823
501099003899
501099003902
501099003904
501099003961
