501099914029
501099914038
501099914041
501099914042
501099914043
501099914044
501099914045
501099914047
501099914049
501099914051
501099914053
501099914055
501099914057
501099914060
501099914062
501099914064
501099914067
501099914070
501099914072
501099914074
501099914076
501099914078
501099914080
501099914083
501099914086
501099914088
501099914091
501099914095
501099914098
501099914102
501099914106
501099914159
501099914245
501099914269
501099914306
501099914315
501099914442
501099914649
501099914697
501099914700
501099914704
501099914749
501099914819
501099914934
501099914942
501099914945
501099914949
501099914981
501099914982
501099914983
501099914984
501099914989
