500908131311
500908131360
500908131366
500908131369
500908131370
500908131371
500908131373
500908131376
500908131412
500908131415
500908131424
500908131430
500908131452
500908131466
500908131469
500908131473
500908131474
500908131480
500908131484
500908131487
500908131488
500908131489
500908131490
500908131527
500908131554
500908131556
500908131562
500908131604
500908131609
500908131612
500908131619
500908131645
500908131650
500908131653
500908131683
500908131684
500908131693
500908131743
500908131758
500908131762
500908131765
500908131782
500908131786
500908131795
500908131814
500908131817
