500981125009
500981125072
500981125085
500981125087
500981125102
500981125110
500981125112
500981125148
500981125175
500981125178
500981125181
500981125215
500981125234
500981125237
500981125241
500981125250
500981125258
500981125288
500981125318
500981125333
500981125342
500981125346
500981125366
500981125368
500981125390
500981125409
500981125411
500981125424
500981125427
500981125446
500981125469
500981125471
500981125472
500981125478
500981125479
500981125480
500981125491
500981125495
500981125498
500981125500
500981125506
500981125510
500981125516
500981125547
500981125554
500981125562
500981125574
500981125576
500981125591
500981125595
500981125608
500981125619
500981125621
500981125623
500981125626
500981125629
500981125640
500981125642
500981125651
500981125653
500981125654
500981125667
500981125671
500981125673
500981125682
500981125687
500981125709
500981125757
500981125762
500981125767
500981125770
500981125795
500981125799
500981125802
500981125807
500981125817
500981125834
500981125844
500981125866
500981125867
500981125881
500981125890
500981125892
500981125897
500981125898
500981125899
500981125904
500981125918
500981125934
500981125936
500981125945
500981125958
500981125960
