500981174005
500981174007
500981174030
500981174032
500981174038
500981174050
500981174052
500981174055
500981174064
500981174082
500981174118
500981174123
500981174125
500981174131
500981174133
500981174135
500981174139
500981174142
500981174148
500981174151
500981174174
500981174185
500981174207
500981174209
500981174214
500981174228
500981174232
500981174234
500981174242
500981174244
500981174254
500981174255
500981174259
500981174263
500981174268
500981174270
500981174276
500981174277
500981174289
500981174304
500981174316
500981174318
500981174334
500981174340
500981174343
500981174366
500981174373
500981174388
500981174395
500981174409
500981174422
500981174426
500981174432
500981174438
500981174487
500981174495
500981174499
500981174530
500981174537
500981174545
500981174547
500981174550
500981174555
500981174566
500981174598
500981174604
500981174606
500981174608
500981174615
500981174617
500981174618
500981174636
500981174638
500981174644
500981174662
500981174666
500981174668
500981174670
500981174672
500981174695
500981174706
500981174709
500981174710
500981174730
500981174769
500981174776
500981174796
500981174797
500981174806
500981174810
500981174818
500981174824
500981174834
500981174835
500981174837
500981174844
500981174852
500981174853
500981174854
500981174862
500981174865
500981174874
500981174879
500981174883
500981174905
500981174920
500981174923
500981174925
500981174939
500981174958
500981174962
500981174970
500981174974
500981174985
