500981257007
500981257030
500981257032
500981257035
500981257037
500981257040
500981257043
500981257062
500981257065
500981257066
500981257073
500981257102
500981257107
500981257124
500981257161
500981257162
500981257168
500981257173
500981257175
500981257177
500981257181
500981257183
500981257186
500981257188
500981257190
500981257239
500981257255
500981257261
500981257280
500981257290
500981257311
500981257313
500981257337
500981257384
500981257385
500981257386
500981257387
500981257398
500981257400
500981257407
500981257430
500981257433
500981257473
500981257479
500981257488
500981257505
500981257507
500981257515
500981257517
500981257522
500981257526
500981257533
500981257534
500981257536
500981257542
500981257543
500981257556
500981257589
500981257605
500981257629
500981257631
500981257636
500981257639
500981257643
500981257648
500981257658
500981257660
500981257667
500981257678
500981257679
500981257707
500981257714
500981257733
500981257734
500981257765
500981257772
500981257774
500981257798
500981257802
500981257805
500981257825
500981257828
500981257867
500981257921
500981257923
500981257936
500981257955
500981257965
500981257979
500981257998
