500981657029
500981657049
500981657055
500981657077
500981657107
500981657112
500981657121
500981657141
500981657149
500981657159
500981657179
500981657193
500981657198
500981657217
500981657220
500981657224
500981657230
500981657250
500981657277
500981657278
500981657314
500981657315
500981657324
500981657329
500981657331
500981657337
500981657344
500981657347
500981657358
500981657367
500981657373
500981657388
500981657392
500981657401
500981657410
500981657428
500981657442
500981657443
500981657448
500981657449
500981657529
500981657531
500981657533
500981657591
500981657598
500981657603
500981657611
500981657628
500981657631
500981657633
500981657698
500981657713
500981657718
500981657771
500981657801
500981657813
500981657818
500981657820
500981657829
500981657840
500981657851
500981657859
500981657882
500981657912
500981657916
500981657926
500981657937
500981657954
500981657966
500981657971
500981657974
500981657975
500981657985
