500981660007
500981660033
500981660047
500981660068
500981660070
500981660077
500981660089
500981660096
500981660103
500981660143
500981660147
500981660151
500981660158
500981660176
500981660178
500981660205
500981660233
500981660234
500981660237
500981660248
500981660262
500981660275
500981660291
500981660299
500981660306
500981660309
500981660321
500981660336
500981660339
500981660343
500981660407
500981660408
500981660420
500981660424
500981660429
500981660434
500981660466
500981660470
500981660485
500981660530
500981660542
500981660580
500981660583
500981660590
500981660591
500981660598
500981660601
500981660613
500981660621
500981660627
500981660656
500981660665
500981660669
500981660672
500981660680
500981660699
500981660708
500981660712
500981660724
500981660725
500981660729
500981660738
500981660740
500981660752
500981660853
500981660854
500981660870
500981660873
500981660875
500981660876
500981660919
500981660925
500981660929
500981660941
500981660974
500981660982
500981660993
