500981668008
500981668013
500981668014
500981668033
500981668036
500981668068
500981668095
500981668096
500981668112
500981668121
500981668129
500981668130
500981668142
500981668158
500981668164
500981668173
500981668179
500981668183
500981668184
500981668195
500981668197
500981668209
500981668213
500981668214
500981668216
500981668217
500981668225
500981668226
500981668227
500981668249
500981668254
500981668273
500981668286
500981668299
500981668301
500981668314
500981668317
500981668319
500981668322
500981668324
500981668326
500981668333
500981668353
500981668369
500981668371
500981668375
500981668382
500981668383
500981668384
500981668387
500981668389
500981668391
500981668411
500981668417
500981668419
500981668422
500981668437
500981668439
500981668454
500981668467
500981668471
500981668475
500981668484
500981668496
500981668505
500981668508
500981668546
500981668555
500981668559
500981668572
500981668574
500981668575
500981668593
500981668599
500981668607
500981668608
500981668610
500981668617
500981668632
500981668634
500981668639
500981668643
500981668650
500981668658
500981668660
500981668661
500981668670
500981668672
500981668674
500981668678
500981668680
500981668682
500981668683
500981668689
500981668695
500981668710
500981668712
500981668726
500981668755
500981668768
500981668770
500981668786
500981668791
500981668801
500981668815
500981668824
500981668828
500981668842
500981668843
500981668851
500981668867
500981668878
500981668879
500981668885
500981668891
500981668893
500981668897
500981668899
500981668909
500981668917
500981668921
500981668925
500981668942
500981668948
500981668949
500981668962
500981668964
500981668988
500981668991
