500981784143
500981784146
500981784148
500981784193
500981784200
500981784211
500981784213
500981784219
500981784224
500981784247
500981784252
500981784266
500981784279
500981784295
500981784303
500981784309
500981784320
500981784328
500981784330
500981784332
500981784336
500981784354
500981784356
500981784358
500981784413
500981784437
500981784440
500981784461
500981784466
500981784471
500981784507
500981784526
500981784538
500981784542
500981784545
500981784558
500981784560
500981784565
500981784573
500981784616
500981784620
500981784622
500981784624
500981784653
500981784677
500981784679
500981784691
500981784695
500981784698
500981784701
500981784703
500981784706
500981784710
500981784748
500981784757
500981784777
500981784785
500981784793
500981784811
500981784816
500981784820
500981784825
500981784841
500981784848
500981784851
500981784852
500981784854
500981784856
500981784866
500981784870
500981784876
500981784880
500981784887
500981784888
500981784896
500981784901
500981784902
500981784925
500981784933
500981784947
500981784970
