500981959027
500981959034
500981959041
500981959048
500981959068
500981959076
500981959087
500981959089
500981959102
500981959123
500981959134
500981959149
500981959154
500981959157
500981959161
500981959163
500981959166
500981959169
500981959180
500981959186
500981959191
500981959210
500981959222
500981959224
500981959251
500981959256
500981959259
500981959306
500981959314
500981959324
500981959329
500981959334
500981959336
500981959342
500981959352
500981959355
500981959361
500981959376
500981959386
500981959387
500981959398
500981959404
500981959406
500981959420
500981959424
500981959425
500981959429
500981959431
500981959433
500981959435
500981959444
500981959451
500981959473
500981959475
500981959480
500981959482
500981959484
500981959500
500981959502
500981959515
500981959524
500981959527
500981959553
500981959566
500981959568
500981959572
500981959585
500981959587
500981959604
500981959610
500981959611
500981959613
500981959622
500981959631
500981959635
500981959644
500981959645
500981959648
500981959652
500981959662
500981959664
500981959672
500981959676
500981959684
500981959697
500981959729
500981959741
500981959744
500981959747
500981959749
500981959756
500981959759
500981959765
500981959767
500981959771
500981959792
500981959801
500981959804
500981959808
500981959810
500981959812
500981959824
500981959826
500981959834
500981959850
500981959855
500981959857
500981959898
500981959904
500981959912
500981959929
500981959932
500981959933
500981959941
500981959943
500981959944
500981959947
500981959956
500981959968
500981959971
500981959979
500981959982
