501085024000
501085024002
501085024004
501085024006
501085024010
501085024012
501085024014
501085024019
501085024020
501085024021
501085024022
501085024025
501085024026
501085024031
501085024032
501085024036
501085024040
501085024044
501085024047
501085024048
501085024176
501085024202
501085024345
501085024347
501085024348
501085024352
501085024477
501085024620
501085024657
501085024701
501085024702
501085024703
501085024772
501085024825
501085024872
501085024879
501085024914
501085024917
501085024919
501085024938
501085024940
501085024965
