500952145027
500952145029
500952145037
500952145059
500952145060
500952145071
500952145074
500952145078
500952145091
500952145097
500952145103
500952145107
500952145111
500952145154
500952145193
500952145196
500952145197
500952145203
500952145207
500952145215
500952145217
500952145225
500952145230
500952145238
500952145242
500952145244
500952145247
500952145257
500952145260
500952145264
500952145275
500952145279
500952145282
500952145287
500952145294
500952145298
500952145300
500952145301
500952145305
500952145306
500952145307
500952145309
500952145313
500952145318
500952145320
500952145322
500952145325
500952145329
500952145333
500952145342
500952145343
500952145346
500952145349
500952145352
500952145408
500952145410
500952145428
500952145431
500952145434
500952145446
500952145449
500952145470
500952145471
500952145473
500952145477
500952145478
500952145482
500952145487
500952145508
500952145512
500952145514
500952145520
500952145522
500952145524
500952145525
500952145527
500952145528
500952145530
500952145534
500952145535
500952145542
500952145543
500952145547
500952145551
500952145553
500952145555
500952145557
500952145565
500952145566
500952145570
500952145583
500952145585
500952145589
500952145594
500952145600
500952145604
500952145605
500952145606
500952145610
500952145623
500952145630
500952145632
500952145635
500952145642
500952145651
500952145656
500952145668
500952145677
500952145685
500952145691
500952145693
500952145698
500952145701
500952145706
500952145728
500952145733
500952145745
500952145752
500952145759
500952145765
500952145767
500952145768
500952145770
500952145772
500952145774
500952145776
500952145779
500952145780
500952145786
500952145788
500952145794
500952145796
500952145823
500952145827
500952145829
500952145834
500952145835
500952145840
500952145843
500952145880
500952145884
500952145886
500952145888
500952145891
500952145892
500952145896
500952145905
500952145906
500952145909
500952145916
500952145923
500952145925
500952145928
500952145930
500952145934
500952145947
500952145959
500952145961
500952145969
500952145971
500952145980
500952145982
500952145988
500952145998
