500952351026
500952351034
500952351037
500952351040
500952351049
500952351051
500952351083
500952351093
500952351098
500952351099
500952351102
500952351116
500952351118
500952351121
500952351138
500952351141
500952351144
500952351154
500952351157
500952351166
500952351169
500952351204
500952351219
500952351228
500952351231
500952351233
500952351242
500952351250
500952351252
500952351258
500952351263
500952351283
500952351289
500952351291
500952351292
500952351294
500952351297
500952351298
500952351303
500952351307
500952351312
500952351821
500952351835
500952351841
500952351844
500952351851
500952351854
500952351863
500952351875
500952351886
500952351888
500952351891
500952351894
500952351911
500952351920
500952351924
500952351927
500952351928
500952351939
500952351941
500952351952
500952351954
500952351957
500952351966
500952351974
500952351976
500952351981
500952351993
