500952500009
500952500030
500952500032
500952500033
500952500037
500952500045
500952500047
500952500058
500952500068
500952500072
500952500080
500952500088
500952500090
500952500093
500952500104
500952500108
500952500119
500952500130
500952500134
500952500149
500952500156
500952500163
500952500166
500952500175
500952500177
500952500183
500952500187
500952500195
500952500201
500952500206
500952500207
500952500213
500952500217
500952500221
500952500226
500952500230
500952500238
500952500239
500952500254
500952500256
500952500264
500952500265
500952500282
500952500283
500952500285
500952500301
500952500318
500952500821
500952500851
500952500857
500952500862
500952500865
500952500871
500952500876
500952500877
500952500884
500952500902
500952500906
500952500915
500952500916
500952500918
500952500921
500952500949
500952500950
500952500978
500952500988
500952500992
500952500993
500952500994
