500952728002
500952728004
500952728006
500952728009
500952728010
500952728014
500952728017
500952728019
500952728020
500952728026
500952728028
500952728029
500952728034
500952728050
500952728061
500952728063
500952728066
500952728102
500952728127
500952728131
500952728149
500952728159
500952728162
500952728164
500952728166
500952728173
500952728182
500952728184
500952728198
500952728199
500952728202
500952728216
500952728219
500952728222
500952728223
500952728235
500952728237
500952728240
500952728242
500952728246
500952728248
500952728249
500952728258
500952728280
500952728281
500952728284
500952728312
500952728323
500952728331
500952728334
500952728335
500952728339
500952728343
500952728348
500952728354
500952728360
500952728373
500952728374
500952728378
500952728382
500952728384
500952728386
500952728419
500952728423
500952728438
500952728441
500952728447
500952728449
500952728458
500952728468
500952728472
500952728477
500952728484
500952728487
500952728501
500952728502
500952728539
500952728541
500952728544
500952728560
500952728572
500952728590
500952728600
500952728609
500952728619
500952728628
500952728635
500952728655
500952728657
500952728662
500952728665
500952728682
500952728684
500952728685
500952728700
500952728708
500952728710
500952728711
500952728719
500952728723
500952728725
500952728727
500952728729
500952728730
500952728733
500952728735
500952728737
500952728740
500952728743
500952728745
500952728752
500952728770
500952728774
500952728776
500952728784
500952728786
500952728797
500952728801
500952728802
500952728818
500952728822
500952728825
500952728882
500952728886
500952728889
500952728893
500952728912
500952728919
500952728926
500952728949
500952728952
500952728953
500952728966
500952728984
500952728997
