501116089031
501116089113
501116089137
501116089138
501116089154
501116089158
501116089161
501116089164
501116089170
501116089173
501116089176
501116089181
501116089182
501116089183
501116089188
501116089193
501116089194
501116089196
501116089197
501116089198
501116089204
501116089208
501116089212
501116089213
501116089221
501116089230
501116089233
501116089243
501116089255
501116089265
501116089384
501116089391
501116089393
501116089394
501116089407
501116089408
501116089409
501116089411
501116089415
501116089436
501116089459
501116089557
501116089581
501116089648
501116089657
501116089708
501116089723
501116089787
501116089798
501116089828
501116089860
501116089862
501116089929
501116089943
501116089946
501116089951
501116089992
