501116252092
501116252126
501116252207
501116252254
501116252300
501116252344
501116252345
501116252353
501116252383
501116252565
501116252717
501116252718
501116252719
501116252720
501116252722
501116252725
501116252726
501116252728
501116252729
501116252733
501116252737
501116252739
501116252740
501116252741
501116252742
501116252743
501116252746
501116252748
501116252750
501116252752
501116252754
501116252755
501116252757
501116252759
501116252761
501116252763
501116252765
501116252767
501116252768
501116252770
501116252772
501116252773
501116252775
501116252776
501116252777
501116252778
501116252779
501116252781
501116252782
501116252784
501116252786
501116252846
