501116746004
501116746006
501116746020
501116746047
501116746060
501116746070
501116746082
501116746092
501116746104
501116746113
501116746124
501116746143
501116746149
501116746168
501116746181
501116746183
501116746184
501116746197
501116746202
501116746217
501116746234
501116746236
501116746259
501116746281
501116746298
501116746304
501116746313
501116746316
501116746330
501116746333
501116746340
501116746344
501116746345
501116746346
501116746347
501116746355
501116746359
501116746364
501116746374
501116746390
501116746393
501116746491
501116746506
501116746541
501116746913
