500780055142
500780055164
500780055180
500780055201
500780055205
500780055206
500780055207
500780055275
500780055281
500780055299
500780055350
500780055353
500780055363
500780055387
500780055403
500780055412
500780055426
500780055435
500780055462
500780055491
500780055523
500780055544
500780055611
500780055629
500780055689
500780055709
500780055715
500780055761
500780055776
500780055787
500780055791
500780055831
500780055837
500780055840
500780055855
500780055868
500780055874
500780055893
500780055902
500780055909
500780055929
500780055933
500780055935
500780055937
500780055944
