501018165023
501018165026
501018165060
501018165064
501018165067
501018165078
501018165081
501018165085
501018165092
501018165120
501018165121
501018165159
501018165165
501018165169
501018165180
501018165338
501018165349
501018165356
501018165359
501018165366
501018165376
501018165381
501018165383
501018165385
501018165392
501018165405
501018165409
501018165412
501018165420
501018165427
501018165431
501018165438
501018165451
501018165456
501018165459
501018165464
501018165471
501018165487
501018165495
501018165497
501018165511
501018165518
501018165553
501018165564
501018165630
501018165654
501018165666
501018165700
501018165701
501018165705
501018165712
501018165714
501018165718
501018165722
501018165728
501018165735
501018165738
501018165747
501018165751
501018165777
501018165779
501018165802
501018165823
501018165846
501018165860
501018165872
501018165877
501018165897
501018165898
501018165908
501018165929
501018165943
