501018265002
501018265008
501018265013
501018265027
501018265035
501018265037
501018265047
501018265052
501018265063
501018265066
501018265069
501018265078
501018265139
501018265145
501018265149
501018265152
501018265160
501018265163
501018265166
501018265180
501018265189
501018265195
501018265224
501018265238
501018265245
501018265251
501018265279
501018265280
501018265292
501018265300
501018265301
501018265315
501018265319
501018265322
501018265338
501018265414
501018265425
501018265430
501018265433
501018265447
501018265463
501018265465
501018265476
501018265477
501018265483
501018265494
501018265505
501018265532
501018265536
501018265546
501018265553
501018265557
501018265559
501018265588
501018265591
501018265619
501018265646
501018265657
501018265659
501018265670
501018265681
501018265688
501018265699
501018265708
501018265751
501018265752
501018265764
501018265768
501018265772
501018265785
501018265791
501018265799
501018265815
501018265824
501018265839
501018265842
501018265843
501018265848
501018265859
501018265880
501018265886
501018265888
501018265903
501018265911
501018265921
501018265927
501018265946
501018265974
