501018363000
501018363002
501018363004
501018363005
501018363007
501018363009
501018363011
501018363025
501018363041
501018363045
501018363052
501018363054
501018363055
501018363056
501018363058
501018363059
501018363062
501018363071
501018363074
501018363078
501018363080
501018363083
501018363087
501018363090
501018363094
501018363113
501018363188
501018363195
501018363205
501018363207
501018363214
501018363252
501018363255
501018363264
501018363266
501018363282
501018363284
501018363286
501018363288
501018363290
501018363293
501018363296
501018363298
501018363300
501018363302
501018363304
501018363306
501018363309
501018363316
501018363342
501018363398
501018363406
501018363442
501018363445
501018363448
501018363451
501018363530
501018363538
501018363566
501018363588
501018363592
501018363595
501018363619
501018363641
501018363657
501018363687
501018363708
501018363718
501018363719
501018363720
501018363744
501018363756
501018363762
501018363779
501018363813
501018363874
501018363879
501018363908
501018363910
501018363912
501018363927
501018363940
501018363947
501018363951
501018363953
501018363956
501018363985
