501018536001
501018536008
501018536015
501018536029
501018536032
501018536041
501018536045
501018536047
501018536048
501018536051
501018536055
501018536057
501018536060
501018536067
501018536072
501018536075
501018536078
501018536080
501018536082
501018536085
501018536110
501018536127
501018536142
501018536145
501018536152
501018536156
501018536164
501018536167
501018536170
501018536210
501018536211
501018536218
501018536223
501018536225
501018536229
501018536230
501018536255
501018536271
501018536274
501018536285
501018536291
501018536295
501018536306
501018536308
501018536315
501018536321
501018536325
501018536332
501018536335
501018536351
501018536352
501018536362
501018536364
501018536365
501018536372
501018536394
501018536395
501018536401
501018536409
501018536427
501018536428
501018536466
501018536467
501018536475
501018536483
501018536492
501018536495
501018536499
501018536507
501018536519
501018536524
501018536565
501018536568
501018536598
501018536605
501018536622
501018536645
501018536646
501018536666
501018536703
501018536721
501018536738
501018536742
501018536765
501018536788
501018536790
501018536795
501018536796
501018536824
501018536842
501018536847
501018536848
501018536854
501018536896
501018536920
501018536925
501018536954
501018536995
