501018713007
501018713016
501018713023
501018713047
501018713109
501018713110
501018713112
501018713114
501018713121
501018713126
501018713129
501018713138
501018713144
501018713148
501018713173
501018713179
501018713201
501018713204
501018713205
501018713209
501018713210
501018713211
501018713226
501018713232
501018713247
501018713265
501018713271
501018713280
501018713293
501018713296
501018713299
501018713339
501018713341
501018713367
501018713369
501018713401
501018713408
501018713410
501018713418
501018713425
501018713477
501018713487
501018713491
501018713505
501018713520
501018713573
501018713595
501018713599
501018713601
501018713615
501018713623
501018713639
501018713654
501018713666
501018713689
501018713696
501018713702
501018713733
501018713781
501018713821
501018713837
501018713839
501018713841
501018713843
501018713865
501018713880
501018713881
501018713897
501018713902
501018713907
501018713916
501018713917
501018713919
501018713925
501018713926
501018713944
501018713946
501018713954
501018713956
501018713962
501018713968
501018713971
501018713972
501018713988
501018713990
501018713992
501018713993
501018713998
501018713999
