501018988030
501018988031
501018988083
501018988108
501018988119
501018988121
501018988137
501018988142
501018988145
501018988166
501018988188
501018988215
501018988222
501018988242
501018988253
501018988263
501018988291
501018988297
501018988304
501018988309
501018988317
501018988352
501018988406
501018988415
501018988419
501018988433
501018988456
501018988467
501018988468
501018988471
501018988473
501018988474
501018988476
501018988478
501018988492
501018988549
501018988569
501018988572
501018988575
501018988577
501018988595
501018988598
501018988605
501018988607
501018988642
501018988662
501018988673
501018988674
501018988675
501018988681
501018988693
501018988700
501018988720
501018988733
501018988736
501018988744
501018988748
501018988761
501018988765
501018988790
501018988805
501018988821
501018988875
501018988889
501018988940
501018988950
501018988965
501018988977
501018988982
501018988990
501018988992
501018988995
501018988996
