501001566020
501001566026
501001566028
501001566033
501001566042
501001566098
501001566114
501001566116
501001566140
501001566165
501001566200
501001566206
501001566210
501001566211
501001566230
501001566233
501001566237
501001566273
501001566291
501001566325
501001566326
501001566328
501001566335
501001566338
501001566340
501001566348
501001566354
501001566362
501001566366
501001566382
501001566394
501001566400
501001566461
501001566497
501001566513
501001566514
501001566529
501001566544
501001566557
501001566570
501001566575
501001566579
501001566594
501001566613
501001566631
501001566670
501001566684
501001566694
501001566699
501001566719
501001566720
501001566732
501001566752
501001566758
501001566810
501001566831
501001566877
501001566885
501001566895
501001566899
501001566905
501001566908
501001566910
501001566915
501001566919
501001566934
501001566937
501001566940
501001566959
501001566966
501001566971
501001566975
501001566978
501001566985
501001566993
501001566998
