501001590014
501001590032
501001590080
501001590083
501001590099
501001590108
501001590110
501001590119
501001590131
501001590132
501001590151
501001590154
501001590159
501001590161
501001590167
501001590169
501001590170
501001590197
501001590203
501001590259
501001590290
501001590311
501001590313
501001590316
501001590328
501001590375
501001590377
501001590393
501001590397
501001590402
501001590424
501001590426
501001590427
501001590432
501001590437
501001590450
501001590453
501001590477
501001590491
501001590495
501001590499
501001590532
501001590545
501001590550
501001590553
501001590554
501001590557
501001590596
501001590602
501001590604
501001590607
501001590637
501001590692
501001590695
501001590699
501001590700
501001590714
501001590716
501001590721
501001590728
501001590739
501001590759
501001590768
501001590769
501001590787
501001590828
501001590830
501001590834
501001590862
501001590877
501001590884
501001590888
501001590891
501001590897
501001590903
501001590906
501001590921
501001590924
501001590927
501001590931
501001590938
501001590941
501001590950
501001590958
501001590964
501001590968
501001590970
501001590986
