501001720021
501001720058
501001720067
501001720080
501001720083
501001720095
501001720110
501001720130
501001720142
501001720144
501001720183
501001720200
501001720213
501001720218
501001720221
501001720257
501001720313
501001720319
501001720323
501001720326
501001720328
501001720332
501001720338
501001720349
501001720367
501001720398
501001720400
501001720404
501001720412
501001720417
501001720422
501001720427
501001720431
501001720436
501001720438
501001720442
501001720448
501001720449
501001720451
501001720454
501001720455
501001720460
501001720461
501001720512
501001720517
501001720531
501001720566
501001720574
501001720617
501001720629
501001720634
501001720680
501001720687
501001720697
501001720698
501001720719
501001720732
501001720742
501001720797
501001720820
501001720858
501001720860
501001720862
501001720869
501001720920
501001720922
501001720926
501001720927
501001720930
501001720946
501001720962
501001720964
501001720966
501001720968
501001720970
501001720972
501001720973
501001720975
501001720976
501001720978
501001720979
501001720981
501001720982
501001720984
501001720985
501001720987
501001720988
501001720990
501001720992
501001720996
501001720998
