501001781070
501001781150
501001781151
501001781172
501001781178
501001781182
501001781184
501001781199
501001781203
501001781206
501001781207
501001781238
501001781249
501001781259
501001781263
501001781268
501001781272
501001781277
501001781288
501001781331
501001781335
501001781372
501001781385
501001781388
501001781393
501001781402
501001781427
501001781437
501001781475
501001781499
501001781515
501001781524
501001781553
501001781574
501001781596
501001781608
501001781616
501001781665
501001781733
501001781737
501001781739
501001781743
501001781749
501001781762
501001781771
501001781782
501001781840
501001781883
501001781884
501001781886
501001781905
501001781907
501001781918
501001781922
501001781926
501001781933
501001781938
501001781950
501001781962
501001781966
501001781968
501001781983
501001781985
501001781989
