501001983008
501001983012
501001983023
501001983030
501001983040
501001983043
501001983048
501001983051
501001983059
501001983071
501001983073
501001983077
501001983097
501001983120
501001983121
501001983173
501001983175
501001983193
501001983205
501001983233
501001983274
501001983282
501001983283
501001983290
501001983313
501001983317
501001983322
501001983329
501001983334
501001983338
501001983368
501001983370
501001983399
501001983402
501001983403
501001983415
501001983416
501001983419
501001983421
501001983446
501001983463
501001983468
501001983512
501001983514
501001983519
501001983526
501001983544
501001983548
501001983550
501001983552
501001983574
501001983581
501001983582
501001983589
501001983619
501001983622
501001983628
501001983656
501001983677
501001983686
501001983690
501001983691
501001983695
501001983698
501001983739
501001983745
501001983749
501001983754
501001983756
501001983762
501001983770
501001983778
501001983791
501001983805
501001983806
501001983838
501001983878
501001983883
501001983909
501001983911
501001983913
501001983917
501001983945
501001983948
501001983950
501001983952
501001983963
501001983967
501001983973
501001983986
501001983999
