500999013010
500999013028
500999013042
500999013050
500999013072
500999013085
500999013132
500999013135
500999013147
500999013169
500999013183
500999013191
500999013227
500999013240
500999013272
500999013274
500999013289
500999013327
500999013334
500999013359
500999013361
500999013363
500999013371
500999013380
500999013386
500999013391
500999013413
500999013415
500999013454
500999013466
500999013498
500999013510
500999013513
500999013531
500999013540
500999013550
500999013553
500999013591
500999013601
500999013622
500999013640
500999013645
500999013649
500999013658
500999013664
500999013689
500999013692
500999013702
500999013717
500999013729
500999013800
500999013813
500999013846
500999013848
500999013901
500999013905
500999013930
500999013938
500999013943
500999013967
500999013973
500999013978
500999013989
500999013999
