500999021019
500999021029
500999021033
500999021049
500999021101
500999021102
500999021107
500999021115
500999021138
500999021145
500999021158
500999021162
500999021185
500999021196
500999021228
500999021246
500999021268
500999021281
500999021285
500999021286
500999021311
500999021328
500999021341
500999021353
500999021370
500999021395
500999021402
500999021413
500999021458
500999021473
500999021478
500999021499
500999021531
500999021571
500999021593
500999021611
500999021638
500999021646
500999021663
500999021667
500999021676
500999021680
500999021698
500999021704
500999021714
500999021720
500999021780
500999021795
500999021817
500999021823
500999021827
500999021828
500999021844
500999021853
500999021863
500999021864
500999021892
500999021903
500999021906
500999021914
500999021971
