500999124037
500999124062
500999124075
500999124122
500999124135
500999124146
500999124149
500999124173
500999124256
500999124288
500999124300
500999124308
500999124320
500999124323
500999124342
500999124343
500999124351
500999124361
500999124383
500999124384
500999124496
500999124498
500999124514
500999124523
500999124566
500999124576
500999124582
500999124648
500999124659
500999124668
500999124674
500999124682
500999124707
500999124709
500999124715
500999124718
500999124720
500999124727
500999124733
500999124764
500999124775
500999124789
500999124804
500999124811
500999124817
500999124848
500999124855
500999124869
500999124873
500999124886
500999124900
500999124915
500999124949
500999124951
500999124954
500999124958
500999124972
500999124975
500999124977
500999124997
