500999524008
500999524020
500999524044
500999524045
500999524046
500999524055
500999524064
500999524081
500999524082
500999524112
500999524113
500999524122
500999524126
500999524132
500999524138
500999524152
500999524163
500999524166
500999524168
500999524180
500999524199
500999524217
500999524218
500999524237
500999524252
500999524265
500999524278
500999524283
500999524295
500999524297
500999524298
500999524303
500999524306
500999524370
500999524383
500999524385
500999524395
500999524402
500999524442
500999524445
500999524450
500999524461
500999524469
500999524485
500999524499
500999524502
500999524535
500999524562
500999524568
500999524580
500999524584
500999524587
500999524590
500999524591
500999524594
500999524656
500999524660
500999524681
500999524700
500999524706
500999524751
500999524789
500999524829
500999524840
500999524845
500999524847
500999524867
500999524871
500999524879
500999524881
500999524903
500999524918
500999524928
500999524933
500999524935
500999524937
500999524938
500999524940
500999524942
500999524945
500999524947
500999524948
500999524950
500999524955
500999524959
