500999647033
500999647057
500999647068
500999647081
500999647092
500999647094
500999647096
500999647134
500999647138
500999647148
500999647162
500999647178
500999647184
500999647189
500999647235
500999647242
500999647248
500999647249
500999647268
500999647273
500999647276
500999647277
500999647279
500999647288
500999647299
500999647302
500999647315
500999647316
500999647321
500999647325
500999647356
500999647378
500999647381
500999647406
500999647408
500999647435
500999647463
500999647466
500999647475
500999647487
500999647531
500999647560
500999647564
500999647579
500999647585
500999647593
500999647595
500999647620
500999647621
500999647624
500999647629
500999647639
500999647644
500999647660
500999647677
500999647724
500999647739
500999647740
500999647742
500999647745
500999647783
500999647787
500999647793
500999647809
500999647812
500999647816
500999647824
500999647847
500999647862
500999647869
500999647899
500999647900
500999647904
500999647908
500999647915
500999647918
500999647962
