500999675002
500999675053
500999675054
500999675063
500999675098
500999675116
500999675123
500999675141
500999675151
500999675174
500999675193
500999675207
500999675226
500999675232
500999675243
500999675253
500999675255
500999675268
500999675307
500999675319
500999675320
500999675335
500999675338
500999675342
500999675344
500999675346
500999675352
500999675365
500999675378
500999675390
500999675413
500999675424
500999675445
500999675448
500999675450
500999675515
500999675516
500999675533
500999675556
500999675565
500999675574
500999675583
500999675593
500999675602
500999675618
500999675623
500999675630
500999675632
500999675634
500999675637
500999675638
500999675642
500999675650
500999675656
500999675675
500999675684
500999675697
500999675727
500999675729
500999675733
500999675744
500999675745
500999675773
500999675800
500999675823
500999675826
500999675834
500999675841
500999675855
500999675858
500999675867
500999675879
500999675880
500999675906
500999675912
500999675930
500999675971
500999675981
500999675988
500999675990
500999675991
500999675998
