500999680006
500999680013
500999680027
500999680029
500999680033
500999680053
500999680055
500999680056
500999680058
500999680059
500999680066
500999680067
500999680095
500999680105
500999680108
500999680115
500999680120
500999680123
500999680124
500999680126
500999680138
500999680140
500999680152
500999680155
500999680165
500999680167
500999680174
500999680196
500999680199
500999680201
500999680221
500999680223
500999680295
500999680318
500999680334
500999680341
500999680349
500999680360
500999680370
500999680372
500999680375
500999680384
500999680465
500999680469
500999680479
500999680490
500999680492
500999680520
500999680540
500999680547
500999680575
500999680608
500999680614
500999680616
500999680624
500999680627
500999680654
500999680660
500999680745
500999680773
500999680800
500999680802
500999680824
500999680882
500999680900
500999680932
500999680970
500999680987
500999680988
