500999902010
500999902021
500999902031
500999902038
500999902044
500999902045
500999902055
500999902056
500999902057
500999902065
500999902072
500999902079
500999902086
500999902087
500999902091
500999902092
500999902104
500999902107
500999902122
500999902124
500999902137
500999902138
500999902139
500999902150
500999902166
500999902169
500999902173
500999902176
500999902186
500999902252
500999902270
500999902275
500999902284
500999902297
500999902336
500999902341
500999902355
500999902357
500999902359
500999902371
500999902375
500999902450
500999902455
500999902463
500999902493
500999902514
500999902519
500999902525
500999902527
500999902541
500999902551
500999902553
500999902576
500999902582
500999902584
500999902596
500999902605
500999902617
500999902630
500999902662
500999902664
500999902699
500999902706
500999902708
500999902714
500999902733
500999902743
500999902757
500999902758
500999902763
500999902785
500999902786
500999902788
500999902796
500999902797
500999902824
500999902829
500999902840
500999902847
500999902849
500999902853
500999902855
500999902890
500999902893
500999902894
500999902899
500999902924
500999902931
