500910510000
500910510004
500910510102
500910510124
500910510140
500910510179
500910510181
500910510192
500910510205
500910510232
500910510234
500910510251
500910510255
500910510274
500910510277
500910510287
500910510355
500910510356
500910510365
500910510425
500910510493
500910510518
500910510524
500910510536
500910510540
500910510555
500910510557
500910510561
500910510571
500910510583
500910510591
500910510596
500910510597
500910510615
500910510632
500910510633
500910510661
500910510726
500910510727
500910510768
500910510783
500910510786
500910510834
500910510853
500910510865
500910510909
500910510923
500910510939
500910510955
500910510988
