500910630003
500910630010
500910630020
500910630038
500910630040
500910630082
500910630089
500910630099
500910630118
500910630168
500910630188
500910630207
500910630215
500910630220
500910630278
500910630310
500910630477
500910630479
500910630480
500910630519
500910630530
500910630538
500910630573
500910630577
500910630588
500910630609
500910630632
500910630643
500910630719
500910630784
500910630789
500910630794
500910630808
500910630811
500910630858
500910630876
500910630909
500910630961
500910630975
