500910740032
500910740040
500910740067
500910740073
500910740132
500910740198
500910740209
500910740235
500910740251
500910740263
500910740266
500910740274
500910740292
500910740378
500910740380
500910740382
500910740393
500910740404
500910740431
500910740463
500910740469
500910740473
500910740487
500910740493
500910740518
500910740554
500910740587
500910740640
500910740650
500910740677
500910740690
500910740693
500910740794
500910740847
500910740863
500910740902
500910740910
500910740915
500910740961
500910740981
500910740990
