500910787026
500910787029
500910787038
500910787044
500910787056
500910787089
500910787160
500910787171
500910787192
500910787201
500910787217
500910787243
500910787254
500910787261
500910787276
500910787282
500910787311
500910787319
500910787328
500910787383
500910787387
500910787393
500910787409
500910787472
500910787485
500910787498
500910787503
500910787508
500910787521
500910787532
500910787560
500910787577
500910787580
500910787604
500910787619
500910787624
500910787628
500910787632
500910787656
500910787672
500910787735
500910787743
500910787765
500910787768
500910787802
500910787843
500910787854
500910787955
500910787956
500910787987
500910787991
500910787995
