500910870038
500910870047
500910870092
500910870108
500910870110
500910870116
500910870175
500910870176
500910870190
500910870195
500910870218
500910870221
500910870227
500910870258
500910870262
500910870266
500910870269
500910870299
500910870301
500910870325
500910870335
500910870336
500910870345
500910870362
500910870376
500910870383
500910870389
500910870476
500910870505
500910870513
500910870515
500910870565
500910870595
500910870596
500910870599
500910870624
500910870640
500910870644
500910870646
500910870680
500910870687
500910870713
500910870722
500910870777
500910870795
500910870799
500910870807
500910870824
500910870831
500910870843
500910870851
500910870887
500910870902
500910870921
500910870935
500910870952
500910870961
500910870969
