500910879018
500910879067
500910879073
500910879078
500910879081
500910879084
500910879112
500910879113
500910879122
500910879127
500910879147
500910879155
500910879156
500910879162
500910879184
500910879188
500910879216
500910879224
500910879255
500910879264
500910879267
500910879284
500910879306
500910879316
500910879346
500910879348
500910879349
500910879366
500910879420
500910879433
500910879437
500910879462
500910879554
500910879565
500910879579
500910879580
500910879586
500910879613
500910879646
500910879687
500910879704
500910879711
500910879715
500910879807
500910879815
500910879816
