501003488025
501003488047
501003488048
501003488050
501003488054
501003488057
501003488061
501003488069
501003488075
501003488076
501003488078
501003488085
501003488088
501003488093
501003488094
501003488104
501003488105
501003488120
501003488123
501003488136
501003488153
501003488185
501003488187
501003488194
501003488196
501003488198
501003488205
501003488215
501003488217
501003488222
501003488244
501003488247
501003488258
501003488260
501003488267
501003488276
501003488302
501003488324
501003488333
501003488337
501003488346
501003488348
501003488350
501003488351
501003488380
501003488393
501003488404
501003488409
501003488410
501003488416
501003488446
501003488448
501003488455
501003488468
501003488470
501003488474
501003488476
501003488478
501003488480
501003488489
501003488492
501003488504
501003488526
501003488535
501003488537
501003488539
501003488543
501003488555
501003488558
501003488566
501003488567
501003488621
501003488643
501003488644
501003488653
501003488675
501003488679
501003488683
501003488685
501003488698
501003488718
501003488719
501003488747
501003488759
501003488764
501003488765
501003488767
501003488771
501003488776
501003488778
501003488782
501003488790
501003488824
501003488865
501003488867
501003488872
501003488875
501003488880
501003488889
501003488903
501003488904
501003488952
501003488954
501003488955
501003488958
501003488973
501003488987
501003488989
501003488998
