501003861000
501003861001
501003861012
501003861027
501003861033
501003861034
501003861037
501003861042
501003861046
501003861054
501003861066
501003861081
501003861088
501003861115
501003861117
501003861158
501003861165
501003861166
501003861193
501003861200
501003861215
501003861217
501003861219
501003861220
501003861228
501003861229
501003861273
501003861279
501003861281
501003861284
501003861289
501003861298
501003861300
501003861307
501003861341
501003861346
501003861347
501003861351
501003861369
501003861388
501003861393
501003861396
501003861399
501003861402
501003861416
501003861421
501003861493
501003861494
501003861496
501003861505
501003861508
501003861512
501003861525
501003861552
501003861579
501003861608
501003861612
501003861640
501003861643
501003861644
501003861681
501003861691
501003861693
501003861699
501003861701
501003861706
501003861708
501003861734
501003861736
501003861738
501003861747
501003861754
501003861755
501003861766
501003861775
501003861785
501003861814
501003861817
501003861819
501003861822
501003861828
501003861832
501003861845
501003861847
501003861852
501003861857
501003861877
501003861878
501003861880
501003861890
501003861929
501003861936
501003861939
501003861941
501003861960
501003861961
501003861976
501003861980
501003861984
501003861991
501003861992
