500443145061
500443145063
500443145066
500443145255
500443145341
500443145350
500443145356
500443145366
500443145373
500443145385
500443145391
500443145403
500443145411
500443145424
500443145444
500443145453
500443145458
500443145491
500443145496
500443145510
500443145515
500443145520
500443145524
500443145530
500443145538
500443145562
500443145569
500443145574
500443145586
500443145589
500443145591
500443145598
500443145610
500443145622
500443145626
500443145636
500443145640
500443145808
500443145926
500443145965
