500850777015
500850777079
500850777098
500850777166
500850777173
500850777190
500850777194
500850777219
500850777247
500850777254
500850777299
500850777342
500850777349
500850777361
500850777420
500850777452
500850777528
500850777558
500850777560
500850777576
500850777590
500850777653
500850777687
500850777691
500850777695
500850777697
500850777701
500850777706
500850777759
500850777764
500850777780
500850777783
500850777833
500850777835
500850777837
500850777841
500850777849
500850777861
500850777875
500850777877
500850777898
500850777904
500850777942
500850777944
500850777948
500850777982
