500006053009
500006053028
500006053045
500006053052
500006053058
500006053066
500006053103
500006053108
500006053112
500006053119
500006053121
500006053132
500006053140
500006053191
500006053211
500006053268
500006053311
500006053315
500006053318
500006053319
500006053333
500006053339
500006053364
500006053371
500006053374
500006053385
500006053433
500006053439
500006053448
500006053484
500006053504
500006053521
500006053536
500006053540
500006053584
500006053626
500006053628
500006053640
500006053675
500006053683
500006053692
500006053694
500006053757
500006053773
500006053774
500006053780
500006053812
500006053854
500006053883
500006053905
500006053912
500006053950
500006053973
