500006333035
500006333055
500006333063
500006333088
500006333093
500006333096
500006333099
500006333109
500006333123
500006333136
500006333143
500006333155
500006333174
500006333179
500006333197
500006333201
500006333208
500006333222
500006333229
500006333251
500006333269
500006333287
500006333297
500006333310
500006333313
500006333315
500006333318
500006333337
500006333347
500006333361
500006333394
500006333427
500006333447
500006333460
500006333471
500006333479
500006333480
500006333481
500006333486
500006333489
500006333501
500006333502
500006333505
500006333511
500006333543
500006333544
500006333593
500006333627
500006333641
500006333642
500006333649
500006333659
500006333673
500006333703
500006333706
500006333713
500006333714
500006333717
500006333723
500006333724
500006333762
500006333763
500006333779
500006333785
500006333788
500006333795
500006333803
500006333805
500006333806
500006333812
500006333818
500006333819
500006333847
500006333926
500006333928
500006333946
500006333964
500006333993
