500006548004
500006548005
500006548008
500006548009
500006548021
500006548031
500006548036
500006548038
500006548039
500006548040
500006548053
500006548073
500006548078
500006548081
500006548086
500006548091
500006548093
500006548110
500006548115
500006548143
500006548161
500006548163
500006548172
500006548187
500006548191
500006548203
500006548205
500006548218
500006548272
500006548281
500006548295
500006548298
500006548301
500006548320
500006548325
500006548333
500006548339
500006548362
500006548370
500006548374
500006548387
500006548407
500006548415
500006548426
500006548432
500006548445
500006548466
500006548469
500006548484
500006548502
500006548522
500006548531
500006548549
500006548576
500006548598
500006548599
500006548601
500006548603
500006548610
500006548616
500006548622
500006548628
500006548633
500006548676
500006548679
500006548693
500006548697
500006548722
500006548724
500006548737
500006548738
500006548739
500006548755
500006548779
500006548788
500006548798
500006548805
500006548809
500006548865
500006548894
500006548925
500006548976
500006548997
