500006568007
500006568015
500006568041
500006568045
500006568053
500006568094
500006568095
500006568114
500006568121
500006568180
500006568182
500006568192
500006568207
500006568238
500006568241
500006568260
500006568280
500006568294
500006568295
500006568298
500006568309
500006568323
500006568353
500006568367
500006568375
500006568378
500006568381
500006568383
500006568384
500006568386
500006568391
500006568407
500006568418
500006568423
500006568441
500006568447
500006568448
500006568477
500006568478
500006568493
500006568497
500006568505
500006568508
500006568518
500006568520
500006568542
500006568548
500006568553
500006568581
500006568589
500006568667
500006568673
500006568677
500006568718
500006568736
500006568739
500006568742
500006568747
500006568752
500006568768
500006568771
500006568777
500006568779
500006568784
500006568795
500006568798
500006568814
500006568817
500006568819
500006568835
500006568837
500006568886
500006568906
500006568914
500006568919
500006568922
500006568965
500006568967
