500006603015
500006603047
500006603068
500006603181
500006603191
500006603197
500006603199
500006603213
500006603215
500006603217
500006603222
500006603228
500006603231
500006603239
500006603245
500006603248
500006603262
500006603320
500006603323
500006603356
500006603368
500006603373
500006603376
500006603380
500006603424
500006603464
500006603489
500006603493
500006603513
500006603525
500006603543
500006603594
500006603621
500006603627
500006603635
500006603647
500006603675
500006603690
500006603707
500006603708
500006603732
500006603775
500006603810
500006603827
500006603845
500006603870
500006603915
500006603918
500006603922
500006603929
500006603930
500006603943
500006603988
