500006657042
500006657055
500006657071
500006657097
500006657107
500006657109
500006657110
500006657123
500006657125
500006657127
500006657133
500006657136
500006657178
500006657203
500006657214
500006657222
500006657228
500006657233
500006657267
500006657281
500006657284
500006657304
500006657331
500006657340
500006657341
500006657385
500006657397
500006657407
500006657421
500006657424
500006657430
500006657442
500006657454
500006657489
500006657509
500006657513
500006657553
500006657559
500006657575
500006657604
500006657605
500006657606
500006657617
500006657632
500006657668
500006657678
500006657688
500006657699
500006657700
500006657708
500006657712
500006657717
500006657723
500006657739
500006657743
500006657749
500006657771
500006657775
500006657781
500006657787
500006657798
500006657799
500006657801
500006657802
500006657819
500006657822
500006657851
500006657868
500006657874
500006657878
500006657886
500006657918
500006657971
500006657983
500006657994
500006657997
500006657999
