500006807002
500006807004
500006807018
500006807040
500006807079
500006807090
500006807107
500006807110
500006807122
500006807131
500006807136
500006807159
500006807161
500006807166
500006807169
500006807176
500006807178
500006807183
500006807203
500006807237
500006807255
500006807256
500006807258
500006807259
500006807261
500006807305
500006807309
500006807321
500006807324
500006807334
500006807383
500006807385
500006807406
500006807415
500006807426
500006807429
500006807430
500006807431
500006807435
500006807437
500006807447
500006807450
500006807482
500006807484
500006807504
500006807538
500006807547
500006807550
500006807572
500006807583
500006807593
500006807605
500006807621
500006807637
500006807638
500006807659
500006807665
500006807687
500006807691
500006807723
500006807740
500006807749
500006807751
500006807756
500006807761
500006807768
500006807773
500006807783
500006807803
500006807804
500006807805
500006807813
500006807822
500006807825
500006807846
500006807852
500006807874
500006807877
500006807889
500006807909
500006807913
500006807914
500006807947
500006807953
500006807969
500006807972
500006807986
