500006915003
500006915030
500006915050
500006915051
500006915115
500006915123
500006915133
500006915145
500006915149
500006915151
500006915161
500006915179
500006915213
500006915223
500006915253
500006915278
500006915305
500006915323
500006915340
500006915393
500006915405
500006915409
500006915412
500006915425
500006915427
500006915507
500006915546
500006915547
500006915570
500006915576
500006915581
500006915584
500006915589
500006915601
500006915651
500006915700
500006915703
500006915743
500006915744
500006915749
500006915750
500006915752
500006915754
500006915757
500006915758
500006915761
500006915762
500006915764
500006915765
500006915767
500006915770
500006915775
500006915777
500006915781
500006915783
500006915788
500006915791
500006915793
500006915802
500006915803
500006915810
500006915812
500006915813
500006915815
500006915816
500006915830
500006915837
500006915846
500006915851
500006915867
500006915913
500006915919
500006915920
500006915926
500006915932
500006915950
500006915987
500006915989
500006915999
