500006932008
500006932023
500006932037
500006932076
500006932077
500006932091
500006932093
500006932098
500006932115
500006932124
500006932145
500006932178
500006932205
500006932253
500006932296
500006932297
500006932298
500006932305
500006932318
500006932328
500006932332
500006932388
500006932394
500006932407
500006932408
500006932416
500006932417
500006932458
500006932470
500006932473
500006932485
500006932529
500006932545
500006932582
500006932591
500006932598
500006932608
500006932626
500006932628
500006932632
500006932633
500006932635
500006932639
500006932641
500006932643
500006932646
500006932651
500006932655
500006932658
500006932660
500006932661
500006932665
500006932668
500006932674
500006932677
500006932680
500006932685
500006932715
500006932723
500006932727
500006932735
500006932777
500006932780
500006932788
500006932798
500006932810
500006932827
500006932886
500006932887
500006932896
500006932898
500006932908
500006932911
500006932912
500006932927
500006932935
500006932938
500006932942
500006932955
500006932965
500006932976
500006932977
500006932983
500006932995
500006932996
