500799931029
500799931091
500799931096
500799931109
500799931234
500799931256
500799931290
500799931294
500799931297
500799931302
500799931308
500799931310
500799931317
500799931367
500799931405
500799931423
500799931440
500799931467
500799931471
500799931474
500799931475
500799931479
500799931483
500799931487
500799931488
500799931489
500799931490
500799931496
500799931503
500799931506
500799931510
500799931512
500799931549
500799931553
500799931561
500799931618
500799931689
500799931708
500799931725
500799931951
500799931966
