501046153022
501046153023
501046153025
501046153036
501046153038
501046153039
501046153044
501046153117
501046153126
501046153140
501046153166
501046153176
501046153180
501046153211
501046153232
501046153244
501046153246
501046153249
501046153254
501046153255
501046153271
501046153273
501046153288
501046153295
501046153304
501046153313
501046153315
501046153319
501046153324
501046153339
501046153343
501046153346
501046153348
501046153350
501046153352
501046153355
501046153356
501046153357
501046153361
501046153368
501046153369
501046153370
501046153371
501046153408
501046153484
501046153495
501046153508
501046153509
501046153511
501046153519
501046153553
501046153561
501046153579
501046153633
501046153643
501046153659
501046153661
501046153670
501046153676
501046153679
501046153692
501046153695
501046153698
501046153704
501046153705
501046153709
501046153713
501046153715
501046153717
501046153734
501046153741
501046153753
501046153764
501046153805
501046153807
501046153835
501046153986
