501046244011
501046244021
501046244039
501046244077
501046244085
501046244112
501046244144
501046244172
501046244204
501046244222
501046244235
501046244236
501046244239
501046244265
501046244284
501046244286
501046244291
501046244297
501046244417
501046244418
501046244420
501046244421
501046244440
501046244447
501046244452
501046244455
501046244465
501046244490
501046244500
501046244509
501046244513
501046244608
501046244613
501046244628
501046244665
501046244693
501046244694
501046244716
501046244753
501046244757
501046244804
501046244820
501046244824
501046244853
501046244864
501046244879
501046244880
501046244894
501046244914
501046244929
501046244936
501046244940
501046244966
501046244990
501046244995
501046244998
