501046340016
501046340018
501046340027
501046340036
501046340048
501046340050
501046340056
501046340071
501046340072
501046340075
501046340158
501046340202
501046340211
501046340212
501046340233
501046340237
501046340276
501046340277
501046340306
501046340324
501046340353
501046340417
501046340493
501046340497
501046340506
501046340543
501046340558
501046340561
501046340601
501046340614
501046340616
501046340746
501046340751
501046340762
501046340765
501046340785
501046340791
501046340795
501046340803
501046340804
501046340806
501046340902
501046340972
501046340973
501046340994
