501046474021
501046474161
501046474175
501046474231
501046474266
501046474343
501046474404
501046474411
501046474413
501046474414
501046474439
501046474454
501046474468
501046474489
501046474521
501046474538
501046474594
501046474598
501046474600
501046474616
501046474626
501046474636
501046474650
501046474687
501046474689
501046474694
501046474752
501046474762
501046474780
501046474799
501046474800
501046474805
501046474831
501046474852
501046474871
501046474875
501046474887
501046474906
501046474937
501046474938
501046474940
501046474942
501046474956
501046474974
501046474977
