501046483074
501046483088
501046483091
501046483112
501046483142
501046483150
501046483175
501046483204
501046483221
501046483228
501046483236
501046483252
501046483259
501046483266
501046483283
501046483285
501046483288
501046483289
501046483290
501046483292
501046483298
501046483305
501046483308
501046483311
501046483348
501046483359
501046483391
501046483435
501046483473
501046483474
501046483482
501046483498
501046483518
501046483521
501046483530
501046483537
501046483542
501046483545
501046483553
501046483558
501046483561
501046483596
501046483608
501046483641
501046483648
501046483656
501046483659
501046483664
501046483666
501046483668
501046483673
501046483705
501046483711
501046483713
501046483755
501046483757
501046483766
501046483771
501046483781
501046483782
501046483803
501046483804
501046483816
501046483818
501046483857
501046483872
501046483874
501046483899
501046483907
501046483917
501046483929
501046483939
501046483943
501046483945
501046483956
501046483963
501046483966
501046483977
501046483979
501046483982
501046483984
501046483986
