501046546015
501046546018
501046546031
501046546087
501046546143
501046546150
501046546151
501046546152
501046546154
501046546155
501046546157
501046546158
501046546160
501046546162
501046546163
501046546165
501046546166
501046546192
501046546194
501046546196
501046546217
501046546236
501046546237
501046546258
501046546259
501046546264
501046546293
501046546295
501046546297
501046546330
501046546335
501046546343
501046546345
501046546377
501046546389
501046546437
501046546444
501046546454
501046546458
501046546460
501046546539
501046546554
501046546557
501046546586
501046546587
501046546590
501046546632
501046546634
501046546669
501046546698
501046546714
501046546716
501046546738
501046546752
501046546767
501046546780
501046546809
501046546823
501046546832
501046546854
501046546860
501046546868
501046546876
501046546946
501046546955
501046546974
501046546978
