501046569015
501046569029
501046569068
501046569091
501046569098
501046569103
501046569112
501046569135
501046569172
501046569174
501046569191
501046569212
501046569256
501046569337
501046569370
501046569413
501046569416
501046569424
501046569462
501046569469
501046569509
501046569538
501046569548
501046569551
501046569573
501046569579
501046569608
501046569618
501046569639
501046569653
501046569663
501046569683
501046569686
501046569703
501046569763
501046569764
501046569829
501046569872
501046569885
501046569889
501046569911
501046569913
501046569917
501046569921
501046569929
501046569986
