501046572014
501046572025
501046572070
501046572074
501046572076
501046572078
501046572096
501046572149
501046572184
501046572222
501046572274
501046572280
501046572287
501046572304
501046572340
501046572355
501046572359
501046572368
501046572372
501046572381
501046572405
501046572504
501046572512
501046572536
501046572553
501046572578
501046572635
501046572639
501046572644
501046572674
501046572704
501046572756
501046572841
501046572874
501046572876
501046572880
501046572927
501046572940
501046572941
501046572994
501046572997
