501046589067
501046589131
501046589153
501046589156
501046589244
501046589258
501046589262
501046589337
501046589357
501046589412
501046589451
501046589481
501046589496
501046589528
501046589537
501046589545
501046589557
501046589571
501046589573
501046589591
501046589593
501046589598
501046589603
501046589609
501046589637
501046589661
501046589690
501046589696
501046589699
501046589703
501046589712
501046589717
501046589722
501046589727
501046589729
501046589735
501046589737
501046589740
501046589742
501046589743
501046589745
501046589750
501046589751
501046589753
501046589756
501046589758
501046589759
501046589760
501046589771
501046589772
501046589799
501046589812
501046589817
501046589865
501046589876
501046589907
501046589910
501046589911
501046589940
501046589956
501046589963
