500978020010
500978020033
500978020036
500978020057
500978020063
500978020084
500978020086
500978020102
500978020133
500978020140
500978020142
500978020154
500978020163
500978020166
500978020168
500978020174
500978020176
500978020179
500978020184
500978020191
500978020202
500978020210
500978020220
500978020232
500978020241
500978020253
500978020257
500978020265
500978020275
500978020281
500978020298
500978020301
500978020304
500978020307
500978020312
500978020349
500978020355
500978020357
500978020368
500978020378
500978020389
500978020407
500978020408
500978020413
500978020416
500978020476
500978020478
500978020480
500978020481
500978020482
500978020484
500978020491
500978020493
500978020501
500978020518
500978020533
500978020543
500978020546
500978020549
500978020551
500978020555
500978020573
500978020598
500978020606
500978020608
500978020612
500978020613
500978020616
500978020625
500978020648
500978020685
500978020703
500978020709
500978020715
500978020730
500978020732
500978020739
500978020745
500978020747
500978020753
500978020755
500978020768
500978020770
500978020788
500978020792
500978020804
500978020842
500978020844
500978020856
500978020857
500978020876
500978020878
500978020881
500978020896
500978020900
500978020926
500978020974
500978020975
500978020985
500978020986
500978020988
500978020992
