500978060006
500978060018
500978060021
500978060022
500978060025
500978060058
500978060060
500978060061
500978060068
500978060082
500978060095
500978060104
500978060106
500978060114
500978060121
500978060133
500978060136
500978060137
500978060142
500978060163
500978060165
500978060167
500978060189
500978060191
500978060193
500978060200
500978060203
500978060207
500978060220
500978060221
500978060222
500978060223
500978060225
500978060239
500978060246
500978060247
500978060271
500978060274
500978060279
500978060290
500978060307
500978060319
500978060321
500978060326
500978060397
500978060402
500978060424
500978060436
500978060464
500978060470
500978060483
500978060487
500978060527
500978060530
500978060541
500978060544
500978060549
500978060551
500978060571
500978060585
500978060593
500978060598
500978060603
500978060620
500978060625
500978060629
500978060634
500978060653
500978060659
500978060710
500978060720
500978060726
500978060733
500978060736
500978060738
500978060754
500978060756
500978060760
500978060761
500978060762
500978060767
500978060768
500978060799
500978060800
500978060806
500978060810
500978060814
500978060816
500978060839
500978060851
500978060877
500978060888
500978060908
500978060914
500978060919
500978060927
500978060941
500978060957
500978060959
500978060960
500978060965
500978060986
500978060996
500978060997
