500978135001
500978135012
500978135016
500978135020
500978135028
500978135036
500978135043
500978135079
500978135081
500978135084
500978135090
500978135092
500978135103
500978135113
500978135139
500978135147
500978135154
500978135174
500978135178
500978135180
500978135182
500978135185
500978135198
500978135207
500978135211
500978135219
500978135243
500978135254
500978135260
500978135266
500978135277
500978135283
500978135307
500978135309
500978135315
500978135319
500978135320
500978135349
500978135354
500978135381
500978135393
500978135396
500978135408
500978135417
500978135419
500978135420
500978135430
500978135433
500978135436
500978135443
500978135479
500978135480
500978135481
500978135484
500978135487
500978135497
500978135503
500978135505
500978135595
500978135599
500978135601
500978135602
500978135604
500978135605
500978135618
500978135620
500978135622
500978135623
500978135651
500978135655
500978135671
500978135691
500978135704
500978135705
500978135708
500978135711
500978135712
500978135714
500978135720
500978135728
500978135736
500978135742
500978135747
500978135770
500978135779
500978135806
500978135846
500978135851
500978135885
500978135903
500978135906
500978135916
500978135921
500978135927
500978135947
500978135979
500978135986
