500978461015
500978461063
500978461067
500978461075
500978461076
500978461087
500978461103
500978461121
500978461124
500978461128
500978461134
500978461143
500978461144
500978461146
500978461161
500978461189
500978461217
500978461218
500978461267
500978461278
500978461293
500978461297
500978461300
500978461316
500978461320
500978461323
500978461335
500978461336
500978461346
500978461355
500978461364
500978461379
500978461382
500978461385
500978461389
500978461391
500978461399
500978461405
500978461407
500978461414
500978461415
500978461431
500978461432
500978461434
500978461445
500978461457
500978461464
500978461478
500978461489
500978461524
500978461526
500978461671
500978461672
500978461673
500978461704
500978461707
500978461708
500978461710
500978461713
500978461716
500978461725
500978461732
500978461735
500978461738
500978461740
500978461746
500978461749
500978461755
500978461756
500978461765
500978461767
500978461805
500978461810
500978461813
500978461821
500978461826
500978461830
500978461872
500978461878
500978461894
500978461900
500978461909
500978461920
500978461926
500978461932
500978461944
500978461950
500978461960
500978461977
500978461985
500978461987
500978461997
500978461999
