500978539000
500978539013
500978539029
500978539032
500978539039
500978539045
500978539048
500978539058
500978539063
500978539064
500978539092
500978539113
500978539116
500978539121
500978539123
500978539132
500978539133
500978539134
500978539139
500978539147
500978539151
500978539152
500978539154
500978539164
500978539169
500978539171
500978539184
500978539198
500978539203
500978539204
500978539209
500978539212
500978539244
500978539253
500978539258
500978539267
500978539269
500978539271
500978539276
500978539284
500978539300
500978539302
500978539304
500978539305
500978539306
500978539314
500978539315
500978539321
500978539322
500978539327
500978539330
500978539343
500978539350
500978539364
500978539371
500978539378
500978539382
500978539388
500978539389
500978539390
500978539395
500978539400
500978539403
500978539422
500978539458
500978539461
500978539462
500978539465
500978539468
500978539479
500978539484
500978539486
500978539500
500978539502
500978539525
500978539531
500978539539
500978539547
500978539549
500978539560
500978539565
500978539567
500978539574
500978539576
500978539589
500978539590
500978539596
500978539608
500978539624
500978539650
500978539652
500978539653
500978539673
500978539704
500978539706
500978539716
500978539717
500978539724
500978539731
500978539759
500978539760
500978539762
500978539775
500978539784
500978539805
500978539825
500978539833
500978539842
500978539845
500978539852
500978539853
500978539867
500978539884
500978539888
500978539890
500978539891
500978539893
500978539895
500978539902
500978539905
500978539912
500978539922
500978539924
