500978621002
500978621016
500978621019
500978621020
500978621024
500978621029
500978621046
500978621073
500978621074
500978621083
500978621089
500978621098
500978621110
500978621112
500978621118
500978621167
500978621174
500978621176
500978621185
500978621219
500978621222
500978621238
500978621245
500978621253
500978621278
500978621282
500978621293
500978621314
500978621324
500978621334
500978621354
500978621360
500978621362
500978621365
500978621368
500978621377
500978621387
500978621389
500978621397
500978621398
500978621427
500978621430
500978621431
500978621434
500978621440
500978621447
500978621448
500978621450
500978621481
500978621485
500978621489
500978621508
500978621512
500978621526
500978621551
500978621553
500978621559
500978621562
500978621582
500978621599
500978621625
500978621632
500978621637
500978621645
500978621647
500978621649
500978621650
500978621653
500978621666
500978621695
500978621708
500978621711
500978621723
500978621759
500978621767
500978621775
500978621799
500978621815
500978621821
500978621829
500978621831
500978621854
500978621855
500978621861
500978621862
500978621864
500978621865
500978621868
500978621880
500978621882
500978621883
500978621885
500978621887
500978621890
500978621894
500978621907
500978621909
500978621911
500978621938
500978621957
500978621962
500978621975
500978621978
500978621982
500978621991
500978621995
