500978717000
500978717013
500978717016
500978717017
500978717021
500978717022
500978717029
500978717039
500978717048
500978717085
500978717089
500978717096
500978717098
500978717103
500978717107
500978717157
500978717161
500978717165
500978717170
500978717178
500978717179
500978717188
500978717192
500978717195
500978717222
500978717232
500978717235
500978717239
500978717270
500978717283
500978717295
500978717300
500978717302
500978717305
500978717311
500978717321
500978717323
500978717325
500978717327
500978717333
500978717358
500978717368
500978717388
500978717415
500978717416
500978717423
500978717434
500978717449
500978717455
500978717516
500978717517
500978717519
500978717559
500978717575
500978717584
500978717592
500978717595
500978717610
500978717628
500978717637
500978717641
500978717643
500978717646
500978717654
500978717656
500978717665
500978717666
500978717675
500978717690
500978717721
500978717732
500978717747
500978717749
500978717751
500978717752
500978717762
500978717763
500978717764
500978717767
500978717771
500978717772
500978717781
500978717803
500978717814
500978717828
500978717831
500978717849
500978717851
500978717852
500978717858
500978717868
500978717871
500978717879
500978717883
500978717890
500978717924
500978717926
500978717933
500978717970
500978717973
500978717976
