500978981002
500978981006
500978981008
500978981015
500978981019
500978981029
500978981034
500978981044
500978981048
500978981139
500978981149
500978981159
500978981169
500978981187
500978981193
500978981209
500978981223
500978981242
500978981246
500978981265
500978981267
500978981268
500978981270
500978981276
500978981284
500978981312
500978981315
500978981319
500978981322
500978981325
500978981333
500978981341
500978981343
500978981348
500978981354
500978981363
500978981384
500978981389
500978981413
500978981415
500978981423
500978981452
500978981454
500978981462
500978981492
500978981501
500978981527
500978981529
500978981531
500978981533
500978981534
500978981536
500978981555
500978981561
500978981563
500978981569
500978981585
500978981586
500978981603
500978981625
500978981630
500978981634
500978981642
500978981650
500978981656
500978981663
500978981676
500978981680
500978981691
500978981726
500978981751
500978981755
500978981758
500978981764
500978981766
500978981768
500978981781
500978981782
500978981791
500978981796
500978981799
500978981806
500978981826
500978981829
500978981887
500978981890
500978981910
500978981912
500978981914
500978981917
500978981943
500978981963
500978981967
500978981978
500978981988
500978981990
